# Zini     MH   logAge Mini        int_IMF         Mass   logL    logTe  logg  label   McoreTP C_O  period0  period1  period2  period3  period4  pmode  Mloss  tau1m   X   Y   Xc  Xn  Xo  Cexcess  Z 	 mbolmag  F560Wmag  F770Wmag  F1000Wmag  F1130Wmag  F1280Wmag  F1500Wmag  F1800Wmag  F2100Wmag  F2550Wmag
0.0152 0.01508 8.04003 5.1176433563 2.6146585941    4.940  4.321  3.5126 -0.187    8  0.877  0.401   417.22   179.66   113.61    86.45    71.51  2 -3.05e-06      0.08 6.164e-01 3.683e-01 1.620e-03 3.290e-03 5.381e-03 -1.000 1.532e-02 -6.031 -9.545 -9.752 -10.864 -11.208 -11.147 -11.109 -11.185 -11.197 -11.324
0.0152 0.01508 8.04003 5.1176443100 2.6146585941    4.939  4.447  3.4956 -0.381    8  0.878  0.401   680.36   255.40   158.96   121.60   100.66  2 -1.14e-05      0.35 6.164e-01 3.683e-01 1.620e-03 3.290e-03 5.381e-03 -1.000 1.532e-02 -6.348 -10.393 -10.757 -12.346 -12.739 -12.695 -12.682 -12.790 -12.818 -12.946
0.0152 0.01508 8.04003 5.1176438332 2.6146585941    4.939  4.489  3.4902 -0.444    8  0.877  0.401   801.36   286.24   177.25   135.81   112.46  2 -1.75e-05      0.53 6.164e-01 3.683e-01 1.620e-03 3.290e-03 5.381e-03 -1.000 1.532e-02 -6.451 -10.725 -11.144 -12.823 -13.223 -13.200 -13.207 -13.332 -13.369 -13.499
0.0152 0.01508 8.04003 5.1176447868 2.6146585941    4.939  4.434  3.4974 -0.361    8  0.878  0.401   645.91   246.23   153.51   117.36    97.15  2 -9.94e-06      0.30 6.164e-01 3.683e-01 1.620e-03 3.290e-03 5.381e-03 -1.000 1.532e-02 -6.315 -10.288 -10.632 -12.187 -12.577 -12.529 -12.510 -12.614 -12.638 -12.767
0.0152 0.01508 8.04003 5.1176466942 2.6146585941    4.939  4.354  3.5080 -0.238    8  0.878  0.401   473.94   197.24   124.20    94.65    78.30  2 -4.32e-06      0.13 6.164e-01 3.683e-01 1.620e-03 3.290e-03 5.381e-03 -1.000 1.532e-02 -6.115 -9.769 -10.026 -11.348 -11.718 -11.656 -11.620 -11.705 -11.720 -11.846
0.0152 0.01508 8.04003 5.1176500320 2.6146585941    4.938  4.244  3.5226 -0.071    8  0.878  0.401   315.32   145.67    92.99    70.54    58.32  2 -1.38e-06      0.02 6.164e-01 3.683e-01 1.620e-03 3.290e-03 5.381e-03 -1.000 1.532e-02 -5.841 -9.135 -9.265 -9.850 -10.099 -10.059 -10.036 -10.089 -10.099 -10.229
0.0152 0.01508 8.04003 5.1176552773 2.6146585941    4.937  4.283  3.5174 -0.130    8  0.878  0.401   363.35   162.11   102.99    78.25    64.71  2 -2.06e-06      0.04 6.164e-01 3.683e-01 1.620e-03 3.290e-03 5.381e-03 -1.000 1.532e-02 -5.937 -9.328 -9.490 -10.339 -10.643 -10.588 -10.556 -10.621 -10.631 -10.760
0.0152 0.01508 8.04003 5.1176624298 2.6146585941    4.935  4.312  3.5134 -0.175    8  0.878  0.401   405.74   175.98   111.38    84.74    70.08  2 -2.81e-06      0.07 6.164e-01 3.683e-01 1.620e-03 3.290e-03 5.381e-03 -1.000 1.532e-02 -6.011 -9.497 -9.694 -10.750 -11.087 -11.026 -10.990 -11.063 -11.074 -11.202
0.0152 0.01508 8.04003 5.1176719666 2.6146585941    4.933  4.331  3.5109 -0.204    8  0.878  0.401   435.69   185.46   117.11    89.16    73.75  2 -3.42e-06      0.09 6.164e-01 3.683e-01 1.620e-03 3.290e-03 5.381e-03 -1.000 1.532e-02 -6.058 -9.611 -9.832 -11.019 -11.374 -11.311 -11.273 -11.351 -11.364 -11.490
0.0152 0.01508 8.04003 5.1176843643 2.6146588326    4.930  4.344  3.5091 -0.224    8  0.878  0.401   457.55   192.23   121.18    92.31    76.37  2  -3.9e-06      0.11 6.164e-01 3.683e-01 1.620e-03 3.290e-03 5.381e-03 -1.000 1.532e-02 -6.089 -9.698 -9.938 -11.205 -11.569 -11.506 -11.468 -11.550 -11.565 -11.691
0.0152 0.01508 8.04003 5.1176996231 2.6146588326    4.927  4.354  3.5076 -0.242    8  0.878  0.401   477.67   198.35   124.86    95.16    78.73  2 -4.38e-06      0.14 6.164e-01 3.683e-01 1.620e-03 3.290e-03 5.381e-03 -1.000 1.532e-02 -6.116 -9.779 -10.038 -11.367 -11.738 -11.676 -11.640 -11.726 -11.741 -11.868
0.0152 0.01508 8.04003 5.1177186966 2.6146588326    4.923  4.366  3.5060 -0.260    8  0.878  0.401   499.75   204.95   128.82    98.23    81.28  2 -4.96e-06      0.16 6.164e-01 3.683e-01 1.620e-03 3.290e-03 5.381e-03 -1.000 1.532e-02 -6.146 -9.864 -10.142 -11.539 -11.917 -11.856 -11.822 -11.911 -11.928 -12.055
0.0152 0.01508 8.04003 5.1177186966 2.6146588326    4.923  4.561  3.4799 -0.559    8  0.878  0.401  1086.92   352.23   216.07   166.08   137.59  2 -3.78e-05      1.27 6.164e-01 3.683e-01 1.620e-03 3.290e-03 5.381e-03 -1.000 1.532e-02 -6.634 -11.427 -11.928 -13.543 -13.931 -13.984 -14.074 -14.253 -14.326 -14.463
0.0152 0.01508 8.04003 5.1177191734 2.6146588326    4.923  4.534  3.4835 -0.518    8  0.878  0.401   972.49   326.74   201.11   154.41   127.90  2 -2.85e-05      0.90 6.164e-01 3.683e-01 1.620e-03 3.290e-03 5.381e-03 -1.000 1.532e-02 -6.566 -11.161 -11.636 -13.314 -13.710 -13.728 -13.780 -13.933 -13.990 -14.122
0.0152 0.01508 8.04003 5.1177201271 2.6146588326    4.923  4.480  3.4908 -0.434    8  0.878  0.401   780.09   280.91   174.08   133.36   110.43  2 -1.62e-05      0.47 6.164e-01 3.683e-01 1.620e-03 3.290e-03 5.381e-03 -1.000 1.532e-02 -6.429 -10.654 -11.064 -12.742 -13.142 -13.113 -13.113 -13.234 -13.268 -13.397
0.0152 0.01508 8.04003 5.1177220345 2.6146588326    4.922  4.399  3.5015 -0.311    8  0.878  0.401   567.92   224.69   140.65   107.40    88.88  2 -6.98e-06      0.19 6.164e-01 3.683e-01 1.620e-03 3.290e-03 5.381e-03 -1.000 1.532e-02 -6.227 -10.024 -10.321 -11.785 -12.170 -12.110 -12.077 -12.170 -12.188 -12.316
0.0152 0.01508 8.04003 5.1177253723 2.6146588326    4.921  4.288  3.5162 -0.141    8  0.878  0.401   373.10   165.32   104.93    79.76    65.96  2  -2.2e-06      0.05 6.164e-01 3.683e-01 1.620e-03 3.290e-03 5.381e-03 -1.000 1.532e-02 -5.950 -9.359 -9.526 -10.415 -10.728 -10.671 -10.637 -10.704 -10.714 -10.842
0.0152 0.01508 8.04003 5.1177306175 2.6146590710    4.920  4.325  3.5113 -0.198    8  0.879  0.401   428.14   183.07   115.66    88.05    72.83  2 -3.23e-06      0.08 6.164e-01 3.683e-01 1.620e-03 3.290e-03 5.381e-03 -1.000 1.532e-02 -6.042 -9.578 -9.793 -10.943 -11.293 -11.230 -11.193 -11.269 -11.282 -11.409
0.0152 0.01508 8.04003 5.1177377701 2.6146590710    4.918  4.351  3.5077 -0.239    8  0.879  0.401   474.13   197.26   124.20    94.66    78.31  2 -4.27e-06      0.13 6.164e-01 3.683e-01 1.620e-03 3.291e-03 5.381e-03 -1.000 1.532e-02 -6.109 -9.761 -10.016 -11.332 -11.702 -11.639 -11.603 -11.688 -11.703 -11.829
0.0152 0.01508 8.04003 5.1177473068 2.6146590710    4.915  4.367  3.5056 -0.263    8  0.879  0.401   502.94   205.87   129.37    98.67    81.63  2 -5.01e-06      0.16 6.164e-01 3.683e-01 1.620e-03 3.291e-03 5.381e-03 -1.000 1.532e-02 -6.147 -9.871 -10.150 -11.552 -11.930 -11.870 -11.835 -11.925 -11.942 -12.069
0.0152 0.01508 8.04003 5.1177597046 2.6146590710    4.912  4.375  3.5045 -0.276    8  0.879  0.401   519.62   210.78   132.31   100.95    83.52  2 -5.47e-06      0.18 6.164e-01 3.683e-01 1.620e-03 3.291e-03 5.381e-03 -1.000 1.532e-02 -6.167 -9.930 -10.222 -11.670 -12.053 -11.993 -11.960 -12.052 -12.070 -12.197
0.0152 0.01508 8.04003 5.1177749634 2.6146590710    4.908  4.380  3.5037 -0.285    8  0.879  0.402   531.32   214.17   134.35   102.52    84.83  2 -5.81e-06      0.19 6.164e-01 3.683e-01 1.620e-03 3.291e-03 5.381e-03 -1.000 1.532e-02 -6.180 -9.969 -10.269 -11.748 -12.135 -12.075 -12.043 -12.136 -12.155 -12.282
0.0152 0.01508 8.04003 5.1177940369 2.6146593094    4.903  4.385  3.5031 -0.292    8  0.879  0.401   541.50   217.10   136.10   103.88    85.96  2 -6.14e-06      0.21 6.164e-01 3.683e-01 1.621e-03 3.291e-03 5.381e-03 -1.000 1.532e-02 -6.193 -10.013 -10.322 -11.821 -12.209 -12.151 -12.121 -12.217 -12.237 -12.364
0.0152 0.01508 8.04003 5.1177940369 2.6146593094    4.902  4.580  3.4768 -0.593    8  0.879  0.402  1187.87   373.71   228.62   175.91   145.75  2 -4.67e-05      1.57 6.164e-01 3.683e-01 1.621e-03 3.291e-03 5.381e-03 -1.000 1.532e-02 -6.681 -11.626 -12.146 -13.711 -14.092 -14.172 -14.292 -14.491 -14.578 -14.719
0.0152 0.01508 8.04003 5.1177945137 2.6146593094    4.902  4.553  3.4804 -0.551    8  0.879  0.402  1062.45   346.80   212.87   163.61   135.54  2 -3.53e-05      1.18 6.164e-01 3.683e-01 1.621e-03 3.291e-03 5.381e-03 -1.000 1.532e-02 -6.613 -11.362 -11.857 -13.487 -13.877 -13.922 -14.003 -14.176 -14.245 -14.381
0.0152 0.01508 8.04003 5.1177954674 2.6146593094    4.902  4.499  3.4876 -0.468    8  0.879  0.402   851.05   298.23   184.30   141.34   117.04  2 -2.01e-05      0.64 6.164e-01 3.683e-01 1.621e-03 3.291e-03 5.381e-03 -1.000 1.532e-02 -6.477 -10.846 -11.280 -12.957 -13.356 -13.344 -13.364 -13.497 -13.540 -13.671
0.0152 0.01508 8.04003 5.1177978516 2.6146593094    4.901  4.419  3.4984 -0.345    8  0.879  0.402   618.24   238.62   148.95   113.86    94.23  2 -8.69e-06      0.26 6.164e-01 3.683e-01 1.620e-03 3.291e-03 5.381e-03 -1.000 1.532e-02 -6.276 -10.185 -10.511 -12.033 -12.421 -12.368 -12.343 -12.443 -12.465 -12.593
0.0152 0.01508 8.04003 5.1178016663 2.6146593094    4.900  4.308  3.5132 -0.175    8  0.879  0.401   404.41   175.49   111.07    84.52    69.90  2 -2.75e-06      0.07 6.164e-01 3.683e-01 1.620e-03 3.292e-03 5.381e-03 -1.000 1.532e-02 -5.999 -9.482 -9.676 -10.717 -11.052 -10.991 -10.955 -11.027 -11.039 -11.166
0.0152 0.01508 8.04003 5.1178069115 2.6146593094    4.898  4.345  3.5082 -0.232    8  0.880  0.401   465.43   194.57   122.57    93.41    77.28  2 -4.04e-06      0.12 6.164e-01 3.683e-01 1.620e-03 3.293e-03 5.380e-03 -1.000 1.532e-02 -6.092 -9.720 -9.966 -11.252 -11.618 -11.555 -11.518 -11.601 -11.616 -11.742
0.0152 0.01508 8.04003 5.1178150177 2.6146593094    4.895  4.372  3.5045 -0.274    8  0.880  0.401   516.80   209.91   131.79   100.55    83.19  2 -5.37e-06      0.18 6.164e-01 3.683e-01 1.619e-03 3.294e-03 5.380e-03 -1.000 1.532e-02 -6.159 -9.915 -10.204 -11.643 -12.025 -11.964 -11.931 -12.023 -12.040 -12.167
0.0152 0.01508 8.04003 5.1178255081 2.6146593094    4.892  4.387  3.5023 -0.299    8  0.880  0.401   549.82   219.46   137.50   104.98    86.87  2 -6.34e-06      0.22 6.164e-01 3.683e-01 1.619e-03 3.295e-03 5.380e-03 -1.000 1.532e-02 -6.199 -10.041 -10.355 -11.862 -12.250 -12.194 -12.166 -12.263 -12.283 -12.411
0.0152 0.01508 8.04003 5.1178388596 2.6146595478    4.887  4.396  3.5010 -0.313    8  0.880  0.401   570.16   225.23   140.95   107.66    89.09  2 -6.97e-06      0.19 6.164e-01 3.683e-01 1.618e-03 3.297e-03 5.379e-03 -1.000 1.532e-02 -6.221 -10.021 -10.318 -11.783 -12.167 -12.107 -12.074 -12.168 -12.186 -12.313
0.0152 0.01508 8.04003 5.1178555489 2.6146595478    4.881  4.403  3.5000 -0.324    8  0.880  0.401   585.80   229.60   143.56   109.69    90.77  2 -7.48e-06      0.21 6.164e-01 3.683e-01 1.617e-03 3.299e-03 5.379e-03 -1.000 1.532e-02 -6.237 -10.069 -10.375 -11.862 -12.248 -12.190 -12.159 -12.254 -12.274 -12.401
0.0152 0.01508 8.04003 5.1178760529 2.6146597862    4.874  4.409  3.4993 -0.334    8  0.880  0.400   600.63   233.70   146.00   111.59    92.35  2 -8.02e-06      0.23 6.164e-01 3.683e-01 1.616e-03 3.302e-03 5.378e-03 -1.000 1.533e-02 -6.252 -10.121 -10.436 -11.940 -12.327 -12.271 -12.243 -12.340 -12.361 -12.489
0.0152 0.01508 8.04003 5.1178760529 2.6146597862    4.874  4.604  3.4727 -0.635    8  0.880  0.401  1330.23   402.71   245.50   189.14   156.74  2  -6.1e-05      2.11 6.164e-01 3.683e-01 1.616e-03 3.302e-03 5.378e-03 -1.000 1.533e-02 -6.740 -11.868 -12.411 -13.881 -14.252 -14.373 -14.537 -14.769 -14.875 -15.024
0.0152 0.01508 8.04003 5.1178765297 2.6146597862    4.874  4.577  3.4763 -0.594    8  0.880  0.401  1189.21   373.87   228.68   175.99   145.82  2 -4.62e-05      1.56 6.164e-01 3.683e-01 1.616e-03 3.302e-03 5.378e-03 -1.000 1.533e-02 -6.673 -11.615 -12.134 -13.700 -14.081 -14.161 -14.280 -14.478 -14.564 -14.706
0.0152 0.01508 8.04003 5.1178779602 2.6146597862    4.873  4.523  3.4836 -0.511    8  0.880  0.401   950.70   321.57   198.03   152.07   125.95  2 -2.63e-05      0.84 6.164e-01 3.683e-01 1.615e-03 3.303e-03 5.378e-03 -1.000 1.533e-02 -6.537 -11.088 -11.554 -13.231 -13.627 -13.639 -13.684 -13.833 -13.887 -14.019
0.0152 0.01508 8.04003 5.1178803444 2.6146597862    4.872  4.443  3.4944 -0.387    8  0.881  0.400   688.53   257.35   160.07   122.52   101.42  2 -1.14e-05      0.35 6.164e-01 3.683e-01 1.615e-03 3.304e-03 5.378e-03 -1.000 1.533e-02 -6.337 -10.393 -10.757 -12.347 -12.740 -12.698 -12.684 -12.793 -12.821 -12.950
0.0152 0.01508 8.04003 5.1178841591 2.6146597862    4.870  4.332  3.5094 -0.217    8  0.881  0.400   447.77   189.09   119.26    90.87    75.16  2 -3.61e-06      0.10 6.164e-01 3.683e-01 1.614e-03 3.306e-03 5.378e-03 -1.000 1.533e-02 -6.060 -9.638 -9.866 -11.089 -11.449 -11.385 -11.346 -11.426 -11.439 -11.565
0.0152 0.01508 8.04003 5.1178898811 2.6146597862    4.867  4.369  3.5043 -0.274    8  0.881  0.400   516.61   209.78   131.69   100.50    83.15  2 -5.32e-06      0.17 6.164e-01 3.683e-01 1.612e-03 3.309e-03 5.377e-03 -1.000 1.533e-02 -6.152 -9.907 -10.194 -11.628 -12.010 -11.949 -11.916 -12.007 -12.025 -12.152
0.0152 0.01508 8.04003 5.1178984642 2.6146597862    4.864  4.396  3.5006 -0.317    8  0.881  0.399   574.54   226.39   141.63   108.20    89.54  2 -7.06e-06      0.19 6.164e-01 3.683e-01 1.609e-03 3.313e-03 5.377e-03 -1.000 1.533e-02 -6.220 -10.028 -10.326 -11.797 -12.182 -12.122 -12.089 -12.183 -12.202 -12.329
0.0152 0.01508 8.04003 5.1179094315 2.6146597862    4.859  4.412  3.4983 -0.342    8  0.881  0.398   612.12   236.82   147.85   113.03    93.55  2 -8.35e-06      0.24 6.163e-01 3.683e-01 1.606e-03 3.318e-03 5.377e-03 -1.000 1.533e-02 -6.259 -10.152 -10.473 -11.986 -12.374 -12.319 -12.293 -12.392 -12.413 -12.541
0.0152 0.01508 8.04003 5.1179237366 2.6146597862    4.852  4.421  3.4970 -0.357    8  0.881  0.397   635.86   243.26   151.68   116.02    96.02  2 -9.21e-06      0.28 6.163e-01 3.683e-01 1.601e-03 3.325e-03 5.376e-03 -1.000 1.533e-02 -6.281 -10.227 -10.561 -12.098 -12.488 -12.437 -12.414 -12.517 -12.540 -12.668
0.0152 0.01508 8.04003 5.1179413795 2.6146600246    4.844  4.427  3.4959 -0.368    8  0.881  0.396   654.60   248.26   154.65   118.33    97.94  2 -9.92e-06      0.31 6.163e-01 3.683e-01 1.596e-03 3.333e-03 5.375e-03 -1.000 1.533e-02 -6.298 -10.283 -10.628 -12.184 -12.574 -12.526 -12.507 -12.612 -12.637 -12.765
0.0152 0.01508 8.04003 5.1179633141 2.6146600246    4.835  4.434  3.4950 -0.379    8  0.882  0.393   672.96   253.10   157.52   120.57    99.80  2 -1.07e-05      0.33 6.163e-01 3.683e-01 1.589e-03 3.343e-03 5.374e-03 -1.000 1.534e-02 -6.314 -10.339 -10.695 -12.269 -12.661 -12.616 -12.600 -12.707 -12.734 -12.862
0.0152 0.01508 8.04003 5.1179633141 2.6146600246    4.834  4.628  3.4683 -0.681    8  0.882  0.394  1506.12   436.66   265.18   204.61   169.58  2 -8.12e-05      2.83 6.163e-01 3.683e-01 1.589e-03 3.344e-03 5.374e-03 -1.000 1.534e-02 -6.801 -12.122 -12.687 -14.032 -14.388 -14.559 -14.777 -15.050 -15.180 -15.339
0.0152 0.01508 8.04003 5.1179637909 2.6146600246    4.833  4.602  3.4719 -0.640    8  0.882  0.394  1345.64   405.55   247.10   190.46   157.82  2 -6.17e-05      2.16 6.163e-01 3.683e-01 1.588e-03 3.344e-03 5.374e-03 -1.000 1.534e-02 -6.735 -11.877 -12.420 -13.883 -14.252 -14.376 -14.544 -14.779 -14.886 -15.036
0.0152 0.01508 8.04003 5.1179652214 2.6146600246    4.833  4.548  3.4792 -0.557    8  0.882  0.394  1073.30   348.85   214.00   164.58   136.33  2 -3.52e-05      1.20 6.163e-01 3.683e-01 1.587e-03 3.346e-03 5.374e-03 -1.000 1.534e-02 -6.600 -11.357 -11.851 -13.479 -13.868 -13.914 -13.997 -14.170 -14.241 -14.377
0.0152 0.01508 8.04003 5.1179676056 2.6146600246    4.831  4.468  3.4901 -0.434    8  0.882  0.393   774.53   279.18   172.99   132.60   109.78  2 -1.53e-05      0.46 6.163e-01 3.683e-01 1.585e-03 3.348e-03 5.374e-03 -1.000 1.534e-02 -6.400 -10.610 -11.013 -12.679 -13.079 -13.047 -13.046 -13.165 -13.199 -13.328
0.0152 0.01508 8.04003 5.1179718971 2.6146600246    4.829  4.357  3.5052 -0.262    8  0.882  0.393   500.22   204.83   128.70    98.21    81.24  2 -4.82e-06      0.16 6.163e-01 3.683e-01 1.582e-03 3.352e-03 5.374e-03 -1.000 1.534e-02 -6.122 -9.838 -10.111 -11.495 -11.871 -11.810 -11.775 -11.864 -11.880 -12.007
0.0152 0.01508 8.04003 5.1179780960 2.6146602631    4.825  4.394  3.5001 -0.320    8  0.882  0.391   578.17   227.27   142.13   108.63    89.88  2  -7.1e-06      0.19 6.163e-01 3.683e-01 1.577e-03 3.359e-03 5.374e-03 -1.000 1.534e-02 -6.214 -10.028 -10.328 -11.803 -12.189 -12.129 -12.096 -12.190 -12.209 -12.336
0.0152 0.01508 8.04003 5.1179866791 2.6146602631    4.820  4.420  3.4963 -0.362    8  0.882  0.390   643.35   245.14   152.78   116.90    96.75  2  -9.4e-06      0.29 6.163e-01 3.683e-01 1.570e-03 3.368e-03 5.373e-03 -1.000 1.534e-02 -6.281 -10.242 -10.580 -12.123 -12.513 -12.463 -12.441 -12.545 -12.569 -12.697
0.0152 0.01508 8.04003 5.1179986000 2.6146602631    4.813  4.435  3.4941 -0.387    8  0.882  0.387   685.40   256.28   159.39   122.05   101.02  2 -1.11e-05      0.35 6.163e-01 3.683e-01 1.561e-03 3.380e-03 5.373e-03 -1.000 1.534e-02 -6.319 -10.367 -10.728 -12.312 -12.705 -12.661 -12.646 -12.755 -12.783 -12.911
0.0152 0.01508 8.04003 5.1180138588 2.6146602631    4.804  4.444  3.4927 -0.402    8  0.882  0.385   711.79   263.10   163.44   125.20   103.63  2 -1.22e-05      0.38 6.163e-01 3.684e-01 1.549e-03 3.396e-03 5.372e-03 -1.000 1.535e-02 -6.340 -10.440 -10.814 -12.423 -12.817 -12.777 -12.767 -12.879 -12.908 -13.037
0.0152 0.01508 8.04003 5.1180324554 2.6146605015    4.793  4.450  3.4917 -0.413    8  0.883  0.381   732.49   268.36   166.55   127.63   105.65  2 -1.31e-05      0.41 6.163e-01 3.684e-01 1.535e-03 3.415e-03 5.372e-03 -1.000 1.535e-02 -6.355 -10.493 -10.876 -12.503 -12.899 -12.862 -12.855 -12.969 -13.000 -13.129
0.0152 0.01508 8.04003 5.1180558205 2.6146605015    4.780  4.456  3.4908 -0.423    8  0.883  0.375   752.25   273.30   169.47   129.91   107.54  2  -1.4e-05      0.43 6.163e-01 3.684e-01 1.516e-03 3.439e-03 5.371e-03 -1.000 1.536e-02 -6.370 -10.544 -10.937 -12.584 -12.981 -12.947 -12.943 -13.059 -13.092 -13.221
0.0152 0.01508 8.04003 5.1180558205 2.6146605015    4.779  4.651  3.4638 -0.726    8  0.883  0.376  1701.93   472.29   285.73   220.82   183.03  2 -0.000107      3.79 6.163e-01 3.684e-01 1.516e-03 3.440e-03 5.371e-03 -1.000 1.536e-02 -6.856 -12.345 -12.933 -14.144 -14.485 -14.709 -14.984 -15.306 -15.462 -15.632
0.0152 0.01508 8.04003 5.1180562973 2.6146605015    4.779  4.624  3.4674 -0.685    8  0.883  0.376  1519.83   438.82   266.36   205.63   170.41  2 -8.12e-05      2.87 6.163e-01 3.684e-01 1.515e-03 3.440e-03 5.371e-03 -1.000 1.536e-02 -6.791 -12.122 -12.687 -14.027 -14.382 -14.555 -14.775 -15.051 -15.183 -15.342
0.0152 0.01508 8.04003 5.1180577278 2.6146605015    4.778  4.570  3.4748 -0.602    8  0.883  0.376  1209.41   377.48   230.68   177.69   147.21  2 -4.64e-05      1.60 6.163e-01 3.684e-01 1.514e-03 3.442e-03 5.371e-03 -1.000 1.536e-02 -6.656 -11.619 -12.140 -13.700 -14.079 -14.162 -14.285 -14.486 -14.574 -14.716
0.0152 0.01508 8.04003 5.1180605888 2.6146605015    4.776  4.491  3.4857 -0.479    8  0.883  0.375   869.38   302.01   186.42   143.13   118.51  2 -2.02e-05      0.66 6.163e-01 3.684e-01 1.511e-03 3.446e-03 5.370e-03 -1.000 1.536e-02 -6.457 -10.853 -11.289 -12.965 -13.363 -13.354 -13.377 -13.513 -13.557 -13.688
0.0152 0.01508 8.04003 5.1180648804 2.6146605015    4.773  4.379  3.5010 -0.306    8  0.883  0.374   557.22   221.13   138.42   105.79    87.53  2 -6.34e-06      0.23 6.163e-01 3.684e-01 1.505e-03 3.453e-03 5.370e-03 -1.000 1.536e-02 -6.178 -10.038 -10.355 -11.865 -12.254 -12.198 -12.171 -12.268 -12.289 -12.417
0.0152 0.01508 8.04003 5.1180715561 2.6146607399    4.768  4.416  3.4959 -0.364    8  0.883  0.372   644.62   245.23   152.79   116.96    96.79  2 -9.31e-06      0.29 6.163e-01 3.684e-01 1.497e-03 3.464e-03 5.370e-03 -1.000 1.536e-02 -6.269 -10.233 -10.571 -12.114 -12.504 -12.454 -12.432 -12.536 -12.560 -12.688
0.0152 0.01508 8.04003 5.1180806160 2.6146607399    4.761  4.441  3.4922 -0.405    8  0.883  0.369   716.56   264.10   164.00   125.68   104.02  2 -1.22e-05      0.39 6.162e-01 3.684e-01 1.486e-03 3.478e-03 5.370e-03 -1.000 1.537e-02 -6.334 -10.443 -10.818 -12.430 -12.825 -12.785 -12.775 -12.888 -12.917 -13.046
0.0152 0.01508 8.04003 5.1180930138 2.6146607399    4.752  4.456  3.4900 -0.429    8  0.884  0.365   761.89   275.58   170.79   130.97   108.41  2 -1.43e-05      0.44 6.162e-01 3.684e-01 1.471e-03 3.497e-03 5.369e-03 -1.000 1.537e-02 -6.369 -10.558 -10.954 -12.606 -13.005 -12.972 -12.968 -13.086 -13.119 -13.247
0.0152 0.01508 8.04003 5.1181087494 2.6146607399    4.740  4.463  3.4888 -0.442    8  0.884  0.360   789.14   282.30   174.76   134.08   110.99  2 -1.56e-05      0.48 6.162e-01 3.684e-01 1.451e-03 3.522e-03 5.369e-03 -1.000 1.537e-02 -6.388 -10.621 -11.028 -12.705 -13.105 -13.076 -13.076 -13.197 -13.232 -13.360
0.0152 0.01508 8.04003 5.1181287766 2.6146609783    4.726  4.468  3.4878 -0.452    8  0.884  0.354   809.41   287.20   177.64   136.34   112.86  2 -1.66e-05      0.53 6.162e-01 3.684e-01 1.426e-03 3.553e-03 5.368e-03 -1.000 1.538e-02 -6.400 -10.676 -11.090 -12.767 -13.166 -13.142 -13.148 -13.273 -13.310 -13.439
0.0152 0.01508 8.04003 5.1181530952 2.6146609783    4.709  4.473  3.4871 -0.461    8  0.885  0.344   827.89   291.57   180.21   138.36   114.53  2 -1.76e-05      0.57 6.162e-01 3.684e-01 1.395e-03 3.591e-03 5.368e-03 -1.000 1.539e-02 -6.412 -10.729 -11.150 -12.826 -13.225 -13.207 -13.219 -13.347 -13.387 -13.516
0.0152 0.01508 8.04003 5.1181530952 2.6146609783    4.708  4.667  3.4599 -0.765    8  0.885  0.348  1889.84   504.51   304.21   235.46   195.18  2 -0.000134      4.82 6.162e-01 3.684e-01 1.399e-03 3.592e-03 5.368e-03 -1.000 1.539e-02 -6.898 -12.513 -13.122 -14.205 -14.533 -14.807 -15.135 -15.503 -15.684 -15.866
0.0152 0.01508 8.04003 5.1181535721 2.6146609783    4.708  4.641  3.4635 -0.724    8  0.885  0.347  1687.25   468.98   283.72   219.37   181.80  2 -0.000102      3.69 6.162e-01 3.684e-01 1.399e-03 3.593e-03 5.368e-03 -1.000 1.539e-02 -6.832 -12.309 -12.894 -14.118 -14.460 -14.679 -14.949 -15.266 -15.420 -15.589
0.0152 0.01508 8.04003 5.1181550026 2.6146609783    4.707  4.587  3.4709 -0.641    8  0.885  0.347  1340.15   403.45   245.74   189.58   157.06  2 -5.83e-05      2.12 6.162e-01 3.684e-01 1.396e-03 3.595e-03 5.367e-03 -1.000 1.539e-02 -6.698 -11.829 -12.370 -13.841 -14.210 -14.331 -14.495 -14.728 -14.834 -14.983
0.0152 0.01508 8.04003 5.1181578636 2.6146609783    4.704  4.508  3.4819 -0.518    8  0.885  0.346   960.34   322.74   198.56   152.68   126.42  2 -2.55e-05      0.86 6.162e-01 3.685e-01 1.392e-03 3.601e-03 5.367e-03 -1.000 1.539e-02 -6.499 -11.062 -11.526 -13.203 -13.598 -13.611 -13.657 -13.807 -13.861 -13.993
0.0152 0.01508 8.04003 5.1181626320 2.6146609783    4.701  4.396  3.4974 -0.344    8  0.885  0.344   611.27   235.82   147.15   112.63    93.19  2 -7.95e-06      0.24 6.162e-01 3.685e-01 1.385e-03 3.610e-03 5.367e-03 -1.000 1.539e-02 -6.219 -10.111 -10.429 -11.937 -12.324 -12.269 -12.242 -12.341 -12.362 -12.490
0.0152 0.01508 8.04003 5.1181693077 2.6146612167    4.694  4.432  3.4922 -0.401    8  0.885  0.341   707.65   261.41   162.35   124.46   103.00  2 -1.16e-05      0.38 6.161e-01 3.685e-01 1.374e-03 3.623e-03 5.367e-03 -1.000 1.540e-02 -6.309 -10.403 -10.773 -12.376 -12.770 -12.729 -12.718 -12.829 -12.858 -12.986
0.0152 0.01508 8.04003 5.1181793213 2.6146612167    4.686  4.457  3.4886 -0.442    8  0.885  0.337   785.72   281.10   174.00   133.55   110.54  2 -1.52e-05      0.47 6.161e-01 3.685e-01 1.358e-03 3.642e-03 5.367e-03 -1.000 1.540e-02 -6.372 -10.600 -11.004 -12.678 -13.078 -13.048 -13.048 -13.168 -13.203 -13.331
0.0152 0.01508 8.04003 5.1181921959 2.6146612167    4.675  4.470  3.4865 -0.465    8  0.885  0.332   833.77   292.78   180.89   138.93   115.00  2 -1.76e-05      0.58 6.161e-01 3.685e-01 1.337e-03 3.667e-03 5.366e-03 -1.000 1.540e-02 -6.406 -10.732 -11.154 -12.830 -13.228 -13.211 -13.223 -13.352 -13.393 -13.522
0.0152 0.01508 8.04003 5.1182093620 2.6146612167    4.661  4.477  3.4853 -0.477    8  0.885  0.326   861.36   299.31   184.73   141.94   117.49  2 -1.91e-05      0.65 6.161e-01 3.685e-01 1.310e-03 3.699e-03 5.366e-03 -1.000 1.541e-02 -6.422 -10.804 -11.235 -12.910 -13.308 -13.297 -13.318 -13.452 -13.496 -13.625
0.0152 0.01508 8.04003 5.1182303429 2.6146614552    4.643  4.480  3.4844 -0.486    8  0.886  0.317   880.73   303.77   187.34   144.00   119.20  2 -2.01e-05      0.69 6.161e-01 3.685e-01 1.276e-03 3.740e-03 5.365e-03 -1.000 1.541e-02 -6.431 -10.851 -11.288 -12.964 -13.361 -13.355 -13.381 -13.518 -13.564 -13.694
0.0152 0.01508 8.04003 5.1182560921 2.6146614552    4.622  4.483  3.4839 -0.493    8  0.886  0.303   897.38   307.49   189.51   145.71   120.62  2  -2.1e-05      0.73 6.161e-01 3.685e-01 1.234e-03 3.789e-03 5.365e-03 -1.000 1.542e-02 -6.439 -10.893 -11.337 -13.013 -13.410 -13.408 -13.439 -13.579 -13.627 -13.758
0.0152 0.01508 8.04003 5.1182560921 2.6146614552    4.621  4.678  3.4564 -0.797    8  0.886  0.309  2063.73   532.67   320.28   248.26   205.79  2  -0.00016      5.68 6.160e-01 3.685e-01 1.241e-03 3.790e-03 5.364e-03 -1.000 1.543e-02 -6.924 -12.637 -13.265 -14.243 -14.559 -14.875 -15.249 -15.656 -15.857 -16.049
0.0152 0.01508 8.04003 5.1182565689 2.6146614552    4.620  4.652  3.4600 -0.757    8  0.886  0.308  1842.66   495.43   298.86   231.41   191.79  2 -0.000122      4.56 6.160e-01 3.685e-01 1.241e-03 3.792e-03 5.364e-03 -1.000 1.543e-02 -6.860 -12.443 -13.047 -14.163 -14.493 -14.754 -15.069 -15.426 -15.600 -15.779
0.0152 0.01508 8.04003 5.1182579994 2.6146614552    4.619  4.598  3.4675 -0.674    8  0.886  0.308  1461.54   426.26   258.88   200.01   165.70  2 -7.01e-05      2.63 6.160e-01 3.685e-01 1.238e-03 3.794e-03 5.364e-03 -1.000 1.543e-02 -6.726 -11.994 -12.549 -13.932 -14.291 -14.448 -14.649 -14.911 -15.035 -15.191
0.0152 0.01508 8.04003 5.1182608604 2.6146614552    4.616  4.519  3.4785 -0.551    8  0.886  0.307  1044.72   340.96   209.16   161.07   133.37  2 -3.06e-05      1.10 6.160e-01 3.685e-01 1.233e-03 3.800e-03 5.364e-03 -1.000 1.543e-02 -6.527 -11.234 -11.718 -13.365 -13.756 -13.792 -13.863 -14.030 -14.096 -14.231
0.0152 0.01508 8.04003 5.1182656288 2.6146616936    4.612  4.407  3.4942 -0.376    8  0.886  0.305   660.90   248.65   154.71   118.60    98.12  2 -9.52e-06      0.31 6.160e-01 3.685e-01 1.225e-03 3.810e-03 5.364e-03 -1.000 1.543e-02 -6.246 -10.248 -10.593 -12.150 -12.540 -12.493 -12.474 -12.579 -12.605 -12.733
0.0152 0.01508 8.04003 5.1182727814 2.6146616936    4.605  4.442  3.4890 -0.433    8  0.886  0.302   765.39   275.48   170.61   130.99   108.40  2 -1.39e-05      0.45 6.160e-01 3.685e-01 1.213e-03 3.824e-03 5.364e-03 -1.000 1.544e-02 -6.336 -10.531 -10.926 -12.581 -12.979 -12.946 -12.943 -13.061 -13.095 -13.223
0.0152 0.01508 8.04003 5.1182823181 2.6146616936    4.595  4.467  3.4854 -0.473    8  0.887  0.297   848.62   295.78   182.59   140.34   116.16  2  -1.8e-05      0.62 6.160e-01 3.685e-01 1.196e-03 3.844e-03 5.363e-03 -1.000 1.544e-02 -6.397 -10.754 -11.180 -12.855 -13.253 -13.239 -13.256 -13.387 -13.430 -13.559
0.0152 0.01508 8.04003 5.1182956696 2.6146616936    4.582  4.479  3.4834 -0.494    8  0.887  0.292   898.48   307.49   189.48   145.73   120.63  2 -2.08e-05      0.73 6.160e-01 3.685e-01 1.174e-03 3.871e-03 5.363e-03 -1.000 1.544e-02 -6.428 -10.882 -11.325 -13.000 -13.397 -13.395 -13.426 -13.565 -13.614 -13.744
0.0152 0.01508 8.04003 5.1183128357 2.6146616936    4.566  4.485  3.4823 -0.506    8  0.887  0.285   925.67   313.69   193.11   148.59   123.00  2 -2.23e-05      0.78 6.160e-01 3.685e-01 1.144e-03 3.905e-03 5.362e-03 -1.000 1.545e-02 -6.442 -10.946 -11.398 -13.073 -13.469 -13.474 -13.511 -13.655 -13.707 -13.837
0.0152 0.01508 8.04003 5.1183338165 2.6146619320    4.546  4.487  3.4816 -0.513    8  0.887  0.275   943.37   317.59   195.38   150.39   124.49  2 -2.33e-05      0.82 6.160e-01 3.685e-01 1.107e-03 3.949e-03 5.362e-03 -1.000 1.545e-02 -6.448 -10.984 -11.441 -13.117 -13.512 -13.521 -13.563 -13.710 -13.763 -13.894
0.0152 0.01508 8.04003 5.1183600426 2.6146619320    4.522  4.489  3.4812 -0.519    8  0.888  0.260   956.84   320.41   197.01   151.69   125.57  2 -2.41e-05      0.85 6.160e-01 3.685e-01 1.062e-03 4.002e-03 5.361e-03 -1.000 1.546e-02 -6.453 -11.015 -11.477 -13.154 -13.549 -13.561 -13.607 -13.756 -13.811 -13.943
0.0152 0.01508 8.04003 5.1183600426 2.6146619320    4.520  4.683  3.4536 -0.823    8  0.888  0.267  2211.36   555.31   333.10   258.57   214.32  2 -0.000183      6.71 6.159e-01 3.686e-01 1.072e-03 4.003e-03 5.360e-03 -1.000 1.547e-02 -6.938 -12.704 -13.351 -14.244 -14.548 -14.903 -15.317 -15.761 -15.980 -16.181
0.0152 0.01508 8.04003 5.1183605194 2.6146619320    4.520  4.658  3.4572 -0.784    8  0.888  0.266  1975.52   516.85   311.03   241.19   199.88  2  -0.00014      5.26 6.159e-01 3.686e-01 1.071e-03 4.004e-03 5.360e-03 -1.000 1.547e-02 -6.874 -12.537 -13.155 -14.186 -14.507 -14.802 -15.153 -15.541 -15.733 -15.919
0.0152 0.01508 8.04003 5.1183619499 2.6146619320    4.518  4.604  3.4646 -0.701    8  0.888  0.266  1566.33   444.93   269.56   208.57   172.78  2 -8.05e-05      3.04 6.159e-01 3.686e-01 1.069e-03 4.007e-03 5.360e-03 -1.000 1.547e-02 -6.741 -12.118 -12.685 -13.999 -14.350 -14.534 -14.766 -15.052 -15.190 -15.351
0.0152 0.01508 8.04003 5.1183648109 2.6146621704    4.515  4.525  3.4757 -0.578    8  0.888  0.265  1118.33   356.05   217.89   168.04   139.13  2 -3.53e-05      1.33 6.159e-01 3.686e-01 1.064e-03 4.013e-03 5.360e-03 -1.000 1.547e-02 -6.543 -11.370 -11.869 -13.476 -13.860 -13.918 -14.013 -14.196 -14.272 -14.410
0.0152 0.01508 8.04003 5.1183700562 2.6146621704    4.510  4.412  3.4914 -0.402    8  0.888  0.263   704.28   259.33   160.97   123.57   102.23  2 -1.09e-05      0.37 6.159e-01 3.686e-01 1.056e-03 4.022e-03 5.360e-03 -1.000 1.548e-02 -6.261 -10.351 -10.717 -12.314 -12.707 -12.666 -12.654 -12.764 -12.793 -12.922
0.0152 0.01508 8.04003 5.1183772087 2.6146621704    4.502  4.448  3.4863 -0.459    8  0.888  0.260   815.81   287.17   177.43   136.42   112.89  2 -1.59e-05      0.54 6.159e-01 3.686e-01 1.044e-03 4.036e-03 5.360e-03 -1.000 1.548e-02 -6.349 -10.641 -11.054 -12.729 -13.128 -13.105 -13.113 -13.239 -13.277 -13.406
0.0152 0.01508 8.04003 5.1183872223 2.6146621704    4.491  4.472  3.4828 -0.498    8  0.888  0.256   903.27   307.91   189.64   145.97   120.81  2 -2.06e-05      0.74 6.159e-01 3.686e-01 1.028e-03 4.055e-03 5.359e-03 -1.000 1.548e-02 -6.409 -10.873 -11.317 -12.992 -13.388 -13.387 -13.419 -13.560 -13.608 -13.739
0.0152 0.01508 8.04003 5.1184010506 2.6146621704    4.477  4.483  3.4808 -0.519    8  0.888  0.250   954.68   319.64   196.52   151.37   125.28  2 -2.36e-05      0.84 6.159e-01 3.686e-01 1.006e-03 4.082e-03 5.359e-03 -1.000 1.548e-02 -6.439 -10.994 -11.454 -13.130 -13.525 -13.536 -13.581 -13.730 -13.784 -13.915
0.0152 0.01508 8.04003 5.1184186935 2.6146624088    4.458  4.488  3.4798 -0.530    8  0.889  0.243   981.63   325.59   199.99   154.11   127.55  2 -2.51e-05      0.90 6.159e-01 3.686e-01 9.772e-04 4.115e-03 5.358e-03 -1.000 1.549e-02 -6.451 -11.051 -11.519 -13.197 -13.591 -13.608 -13.659 -13.812 -13.869 -14.001
0.0152 0.01508 8.04003 5.1184406281 2.6146624088    4.435  4.490  3.4791 -0.537    8  0.889  0.234   998.14   329.09   202.02   155.72   128.89  2 -2.61e-05      0.94 6.159e-01 3.686e-01 9.409e-04 4.157e-03 5.357e-03 -1.000 1.549e-02 -6.455 -11.083 -11.555 -13.230 -13.623 -13.645 -13.700 -13.856 -13.915 -14.047
0.0152 0.01508 8.04003 5.1184673309 2.6146626472    4.407  4.491  3.4787 -0.542    8  0.890  0.218  1010.80   331.59   203.45   156.88   129.85  2 -2.68e-05      0.99 6.159e-01 3.686e-01 8.959e-04 4.209e-03 5.356e-03 -1.000 1.550e-02 -6.457 -11.110 -11.586 -13.252 -13.644 -13.670 -13.730 -13.890 -13.951 -14.084
0.0152 0.01508 8.04003 5.1184673309 2.6146626472    4.406  4.684  3.4511 -0.846    8  0.890  0.227  2344.75   574.83   344.07   267.48   221.68  1 -0.000203      7.56 6.158e-01 3.687e-01 9.106e-04 4.210e-03 5.356e-03 -1.000 1.552e-02 -6.941 -12.750 -13.414 -14.236 -14.532 -14.919 -15.365 -15.841 -16.074 -16.282
0.0152 0.01508 8.04003 5.1184678078 2.6146626472    4.406  4.659  3.4546 -0.807    8  0.890  0.227  2095.79   535.35   321.47   249.64   206.86  2 -0.000156      5.91 6.158e-01 3.687e-01 9.098e-04 4.211e-03 5.356e-03 -1.000 1.552e-02 -6.878 -12.601 -13.232 -14.192 -14.505 -14.830 -15.212 -15.628 -15.834 -16.027
0.0152 0.01508 8.04003 5.1184692383 2.6146626472    4.404  4.606  3.4621 -0.724    8  0.890  0.226  1661.07   461.03   278.71   215.96   178.89  2 -8.99e-05      3.53 6.158e-01 3.687e-01 9.078e-04 4.214e-03 5.356e-03 -1.000 1.552e-02 -6.746 -12.203 -12.782 -14.029 -14.372 -14.583 -14.843 -15.153 -15.304 -15.471
0.0152 0.01508 8.04003 5.1184725761 2.6146626472    4.400  4.527  3.4732 -0.601    8  0.890  0.225  1184.67   369.03   225.33   174.04   144.08  2 -3.95e-05      1.53 6.158e-01 3.687e-01 9.037e-04 4.218e-03 5.356e-03 -1.000 1.552e-02 -6.548 -11.477 -11.989 -13.562 -13.942 -14.018 -14.133 -14.329 -14.414 -14.555
0.0152 0.01508 8.04003 5.1184773445 2.6146626472    4.395  4.414  3.4891 -0.425    8  0.890  0.223   742.73   268.35   166.22   127.78   105.71  2 -1.22e-05      0.42 6.158e-01 3.687e-01 8.970e-04 4.227e-03 5.355e-03 -1.000 1.552e-02 -6.266 -10.425 -10.808 -12.440 -12.836 -12.800 -12.793 -12.908 -12.940 -13.068
0.0152 0.01508 8.04003 5.1184844971 2.6146626472    4.386  4.450  3.4839 -0.482    8  0.890  0.221   860.96   297.17   183.22   141.08   116.73  2 -1.78e-05      0.64 6.158e-01 3.687e-01 8.869e-04 4.239e-03 5.355e-03 -1.000 1.552e-02 -6.354 -10.738 -11.166 -12.840 -13.237 -13.226 -13.246 -13.380 -13.424 -13.554
0.0152 0.01508 8.04003 5.1184945107 2.6146626472    4.374  4.473  3.4804 -0.520    8  0.890  0.217   952.63   318.38   195.67   150.83   124.82  2 -2.28e-05      0.84 6.158e-01 3.687e-01 8.726e-04 4.256e-03 5.355e-03 -1.000 1.552e-02 -6.412 -10.964 -11.423 -13.099 -13.494 -13.504 -13.548 -13.697 -13.751 -13.882
0.0152 0.01508 8.04003 5.1185083389 2.6146626472    4.358  4.484  3.4785 -0.541    8  0.890  0.213  1005.76   330.21   202.60   156.27   129.33  2 -2.61e-05      0.97 6.158e-01 3.687e-01 8.534e-04 4.278e-03 5.354e-03 -1.000 1.553e-02 -6.441 -11.082 -11.555 -13.225 -13.618 -13.641 -13.699 -13.857 -13.917 -14.050
0.0152 0.01508 8.04003 5.1185259819 2.6146628857    4.338  4.489  3.4775 -0.551    8  0.890  0.206  1032.91   336.05   205.99   158.96   131.56  2 -2.77e-05      1.06 6.158e-01 3.687e-01 8.284e-04 4.308e-03 5.353e-03 -1.000 1.553e-02 -6.451 -11.140 -11.619 -13.273 -13.664 -13.696 -13.763 -13.927 -13.992 -14.126
0.0152 0.01508 8.04003 5.1185479164 2.6146628857    4.313  4.490  3.4769 -0.557    8  0.891  0.198  1048.65   339.27   207.86   160.46   132.79  2 -2.86e-05      1.11 6.158e-01 3.687e-01 7.966e-04 4.345e-03 5.352e-03 -1.000 1.553e-02 -6.454 -11.170 -11.652 -13.297 -13.687 -13.724 -13.796 -13.964 -14.031 -14.166
0.0152 0.01508 8.04003 5.1185750961 2.6146631241    4.283  4.490  3.4765 -0.562    8  0.891  0.183  1061.07   341.61   209.19   161.54   133.68  2 -2.93e-05      1.16 6.158e-01 3.687e-01 7.571e-04 4.390e-03 5.351e-03 -1.000 1.554e-02 -6.455 -11.193 -11.679 -13.316 -13.704 -13.745 -13.822 -13.993 -14.062 -14.197
0.0152 0.01508 8.04003 5.1185750961 2.6146631241    4.282  4.683  3.4486 -0.867    8  0.891  0.194  2472.90   592.93   354.19   275.75   228.50  1 -0.000222      8.45 6.157e-01 3.688e-01 7.770e-04 4.390e-03 5.351e-03 -1.000 1.556e-02 -6.938 -12.776 -13.456 -14.218 -14.503 -14.920 -15.397 -15.902 -16.148 -16.364
0.0152 0.01508 8.04003 5.1185755730 2.6146631241    4.281  4.658  3.4522 -0.828    8  0.891  0.193  2211.16   552.48   331.07   257.49   213.33  1 -0.000171      6.69 6.157e-01 3.688e-01 7.764e-04 4.391e-03 5.351e-03 -1.000 1.556e-02 -6.876 -12.638 -13.283 -14.180 -14.484 -14.838 -15.251 -15.695 -15.913 -16.114
0.0152 0.01508 8.04003 5.1185770035 2.6146631241    4.279  4.606  3.4597 -0.746    8  0.891  0.193  1751.17   475.80   287.04   222.76   184.49  2 -9.88e-05      4.05 6.157e-01 3.688e-01 7.748e-04 4.393e-03 5.351e-03 -1.000 1.556e-02 -6.744 -12.265 -12.855 -14.037 -14.373 -14.609 -14.897 -15.231 -15.394 -15.567
0.0152 0.01508 8.04003 5.1185803413 2.6146631241    4.275  4.527  3.4709 -0.623    8  0.891  0.192  1246.93   380.77   232.02   179.48   148.56  2 -4.36e-05      1.71 6.157e-01 3.688e-01 7.715e-04 4.397e-03 5.350e-03 -1.000 1.556e-02 -6.548 -11.564 -12.087 -13.632 -14.008 -14.099 -14.231 -14.440 -14.532 -14.675
0.0152 0.01508 8.04003 5.1185851097 2.6146631241    4.269  4.414  3.4870 -0.445    8  0.891  0.191   777.79   276.27   170.79   131.50   108.76  2 -1.34e-05      0.46 6.157e-01 3.688e-01 7.661e-04 4.404e-03 5.350e-03 -1.000 1.556e-02 -6.264 -10.484 -10.881 -12.546 -12.944 -12.913 -12.911 -13.030 -13.065 -13.193
0.0152 0.01508 8.04003 5.1185927391 2.6146631241    4.260  4.449  3.4818 -0.502    8  0.891  0.189   902.55   306.04   188.32   145.22   120.14  2 -1.95e-05      0.74 6.157e-01 3.688e-01 7.578e-04 4.414e-03 5.350e-03 -1.000 1.556e-02 -6.352 -10.818 -11.260 -12.935 -13.330 -13.330 -13.361 -13.502 -13.551 -13.681
0.0152 0.01508 8.04003 5.1186027527 2.6146631241    4.247  4.472  3.4783 -0.540    8  0.892  0.186   998.25   327.71   201.01   155.18   128.40  2  -2.5e-05      0.94 6.157e-01 3.688e-01 7.462e-04 4.428e-03 5.349e-03 -1.000 1.556e-02 -6.409 -11.039 -11.509 -13.184 -13.577 -13.598 -13.654 -13.810 -13.869 -14.001
0.0152 0.01508 8.04003 5.1186165810 2.6146633625    4.230  4.483  3.4764 -0.561    8  0.892  0.182  1053.37   339.72   208.02   160.70   132.98  2 -2.85e-05      1.13 6.157e-01 3.688e-01 7.306e-04 4.446e-03 5.349e-03 -1.000 1.557e-02 -6.437 -11.161 -11.643 -13.286 -13.675 -13.713 -13.787 -13.956 -14.024 -14.158
0.0152 0.01508 8.04003 5.1186347008 2.6146633625    4.208  4.487  3.4754 -0.571    8  0.892  0.177  1081.43   345.62   211.45   163.42   135.22  2 -3.02e-05      1.22 6.157e-01 3.688e-01 7.101e-04 4.470e-03 5.348e-03 -1.000 1.557e-02 -6.447 -11.217 -11.705 -13.332 -13.719 -13.765 -13.848 -14.024 -14.095 -14.231
0.0152 0.01508 8.04003 5.1186571121 2.6146636009    4.180  4.487  3.4747 -0.577    8  0.892  0.171  1097.83   348.91   213.34   164.95   136.48  2 -3.12e-05      1.27 6.156e-01 3.688e-01 6.840e-04 4.500e-03 5.347e-03 -1.000 1.557e-02 -6.449 -11.245 -11.736 -13.355 -13.740 -13.792 -13.880 -14.058 -14.132 -14.269
0.0152 0.01508 8.04003 5.1186842918 2.6146636009    4.148  4.487  3.4741 -0.583    8  0.893  0.157  1112.82   351.70   214.93   166.24   137.55  2 -3.19e-05      1.32 6.156e-01 3.688e-01 6.514e-04 4.537e-03 5.346e-03 -1.000 1.558e-02 -6.448 -11.267 -11.762 -13.373 -13.757 -13.812 -13.905 -14.086 -14.162 -14.300
0.0152 0.01508 8.04003 5.1186842918 2.6146636009    4.147  4.680  3.4460 -0.889    8  0.893  0.169  2604.75   611.13   364.30   284.09   235.37  1 -0.000241      9.36 6.155e-01 3.689e-01 6.770e-04 4.538e-03 5.345e-03 -1.000 1.560e-02 -6.931 -12.788 -13.485 -14.190 -14.467 -14.913 -15.419 -15.952 -16.210 -16.433
0.0152 0.01508 8.04003 5.1186847687 2.6146636009    4.146  4.656  3.4496 -0.850    8  0.893  0.169  2329.92   569.69   340.67   265.39   219.84  1 -0.000186      7.42 6.155e-01 3.689e-01 6.766e-04 4.538e-03 5.345e-03 -1.000 1.560e-02 -6.869 -12.666 -13.325 -14.163 -14.459 -14.841 -15.281 -15.752 -15.983 -16.190
0.0152 0.01508 8.04003 5.1186861992 2.6146636009    4.144  4.603  3.4572 -0.767    8  0.893  0.168  1844.02   490.67   295.39   229.61   190.14  2 -0.000108      4.55 6.155e-01 3.689e-01 6.754e-04 4.540e-03 5.345e-03 -1.000 1.560e-02 -6.738 -12.314 -12.914 -14.036 -14.366 -14.626 -14.939 -15.296 -15.471 -15.649
0.0152 0.01508 8.04003 5.1186895370 2.6146636009    4.140  4.525  3.4685 -0.644    8  0.893  0.168  1311.20   392.62   238.75   184.98   153.09  2 -4.77e-05      1.98 6.155e-01 3.689e-01 6.729e-04 4.543e-03 5.345e-03 -1.000 1.560e-02 -6.542 -11.638 -12.168 -13.668 -14.038 -14.149 -14.301 -14.526 -14.628 -14.774
0.0152 0.01508 8.04003 5.1186943054 2.6146636009    4.133  4.411  3.4848 -0.466    8  0.893  0.167   813.99   284.30   175.40   135.26   111.86  2 -1.46e-05      0.54 6.155e-01 3.689e-01 6.689e-04 4.548e-03 5.345e-03 -1.000 1.561e-02 -6.258 -10.550 -10.959 -12.633 -13.031 -13.008 -13.014 -13.139 -13.178 -13.306
0.0152 0.01508 8.04003 5.1187014580 2.6146636009    4.123  4.446  3.4795 -0.523    8  0.893  0.165   945.78   315.09   193.49   149.45   123.62  2 -2.13e-05      0.83 6.155e-01 3.689e-01 6.627e-04 4.555e-03 5.344e-03 -1.000 1.561e-02 -6.346 -10.888 -11.342 -13.018 -13.412 -13.421 -13.462 -13.610 -13.664 -13.794
0.0152 0.01508 8.04003 5.1187119484 2.6146638393    4.109  4.469  3.4760 -0.561    8  0.893  0.163  1046.00   337.30   206.48   159.66   132.08  2 -2.72e-05      1.10 6.155e-01 3.689e-01 6.540e-04 4.566e-03 5.344e-03 -1.000 1.561e-02 -6.402 -11.112 -11.592 -13.239 -13.628 -13.664 -13.735 -13.902 -13.969 -14.103
0.0152 0.01508 8.04003 5.1187257767 2.6146638393    4.091  4.479  3.4740 -0.582    8  0.893  0.160  1103.77   349.62   213.65   165.33   136.78  2 -3.09e-05      1.28 6.155e-01 3.689e-01 6.422e-04 4.580e-03 5.343e-03 -1.000 1.561e-02 -6.429 -11.233 -11.724 -13.341 -13.725 -13.778 -13.867 -14.047 -14.121 -14.258
0.0152 0.01508 8.04003 5.1187434196 2.6146638393    4.067  4.483  3.4729 -0.592    8  0.894  0.156  1133.73   355.80   217.23   168.17   139.13  2 -3.28e-05      1.37 6.155e-01 3.689e-01 6.266e-04 4.598e-03 5.343e-03 -1.000 1.561e-02 -6.438 -11.288 -11.785 -13.387 -13.769 -13.830 -13.928 -14.114 -14.192 -14.330
0.0152 0.01508 8.04003 5.1187658310 2.6146640778    4.037  4.483  3.4721 -0.599    8  0.894  0.151  1152.30   359.47   219.33   169.87   140.53  2 -3.38e-05      1.42 6.155e-01 3.689e-01 6.067e-04 4.621e-03 5.342e-03 -1.000 1.561e-02 -6.439 -11.316 -11.817 -13.410 -13.791 -13.856 -13.959 -14.148 -14.229 -14.367
0.0152 0.01508 8.04003 5.1187930107 2.6146640778    4.001  4.483  3.4714 -0.605    8  0.894  0.140  1169.82   362.70   221.17   171.37   141.77  2 -3.46e-05      1.47 6.155e-01 3.689e-01 5.816e-04 4.649e-03 5.340e-03 -1.000 1.562e-02 -6.437 -11.338 -11.841 -13.427 -13.807 -13.876 -13.984 -14.176 -14.259 -14.398
0.0152 0.01508 8.04003 5.1187930107 2.6146640778    4.001  4.676  3.4431 -0.911    8  0.894  0.153  2749.10   630.80   375.19   293.10   242.79  1 -0.000261     10.35 6.154e-01 3.690e-01 6.135e-04 4.649e-03 5.340e-03 -1.000 1.565e-02 -6.919 -12.790 -13.505 -14.156 -14.422 -14.897 -15.433 -15.996 -16.266 -16.496
0.0152 0.01508 8.04003 5.1187934875 2.6146640778    4.000  4.651  3.4466 -0.873    8  0.895  0.153  2460.95   588.44   351.09   273.99   226.93  1 -0.000202      8.22 6.154e-01 3.690e-01 6.132e-04 4.650e-03 5.340e-03 -1.000 1.565e-02 -6.859 -12.683 -13.356 -14.137 -14.424 -14.834 -15.302 -15.801 -16.044 -16.259
0.0152 0.01508 8.04003 5.1187949181 2.6146640778    3.998  4.599  3.4542 -0.791    8  0.895  0.153  1948.02   507.13   304.60   237.20   196.38  1 -0.000117      5.04 6.154e-01 3.690e-01 6.124e-04 4.651e-03 5.340e-03 -1.000 1.565e-02 -6.728 -12.358 -12.967 -14.031 -14.353 -14.638 -14.977 -15.355 -15.542 -15.727
0.0152 0.01508 8.04003 5.1187982559 2.6146640778    3.994  4.521  3.4655 -0.668    8  0.895  0.152  1384.68   406.05   246.34   191.21   158.21  2 -5.21e-05      2.27 6.154e-01 3.690e-01 6.107e-04 4.653e-03 5.340e-03 -1.000 1.565e-02 -6.533 -11.707 -12.245 -13.695 -14.059 -14.189 -14.363 -14.605 -14.717 -14.868
0.0152 0.01508 8.04003 5.1188030243 2.6146643162    3.986  4.407  3.4820 -0.489    8  0.895  0.152   856.65   293.73   180.80   139.68   115.49  2 -1.59e-05      0.63 6.154e-01 3.690e-01 6.080e-04 4.656e-03 5.340e-03 -1.000 1.565e-02 -6.248 -10.621 -11.042 -12.715 -13.111 -13.097 -13.114 -13.247 -13.290 -13.419
0.0152 0.01508 8.04003 5.1188101768 2.6146643162    3.975  4.442  3.4766 -0.546    8  0.895  0.151   996.57   325.68   199.53   154.40   127.68  2 -2.32e-05      0.92 6.154e-01 3.690e-01 6.038e-04 4.662e-03 5.339e-03 -1.000 1.565e-02 -6.336 -10.954 -11.418 -13.097 -13.489 -13.508 -13.560 -13.715 -13.774 -13.905
0.0152 0.01508 8.04003 5.1188206673 2.6146643162    3.959  4.464  3.4730 -0.585    8  0.895  0.149  1102.26   348.56   212.88   164.91   136.40  2 -2.96e-05      1.26 6.154e-01 3.690e-01 5.979e-04 4.669e-03 5.339e-03 -1.000 1.565e-02 -6.391 -11.185 -11.673 -13.294 -13.679 -13.729 -13.815 -13.993 -14.067 -14.203
0.0152 0.01508 8.04003 5.1188344955 2.6146643162    3.939  4.475  3.4710 -0.605    8  0.895  0.147  1163.19   361.26   220.25   170.75   141.23  2 -3.36e-05      1.44 6.154e-01 3.690e-01 5.898e-04 4.679e-03 5.338e-03 -1.000 1.565e-02 -6.416 -11.305 -11.805 -13.396 -13.776 -13.843 -13.947 -14.138 -14.219 -14.358
0.0152 0.01508 8.04003 5.1188521385 2.6146645546    3.912  4.478  3.4699 -0.616    8  0.895  0.145  1194.96   367.66   223.94   173.70   143.67  2 -3.56e-05      1.53 6.154e-01 3.690e-01 5.790e-04 4.691e-03 5.338e-03 -1.000 1.566e-02 -6.425 -11.357 -11.864 -13.440 -13.818 -13.893 -14.006 -14.203 -14.288 -14.429
0.0152 0.01508 8.04003 5.1188745499 2.6146645546    3.879  4.478  3.4691 -0.623    8  0.896  0.141  1214.57   371.46   226.11   175.46   145.12  2 -3.67e-05      1.59 6.154e-01 3.690e-01 5.651e-04 4.707e-03 5.337e-03 -1.000 1.566e-02 -6.425 -11.383 -11.892 -13.460 -13.837 -13.917 -14.035 -14.236 -14.323 -14.464
0.0152 0.01508 8.04003 5.1189017296 2.6146647930    3.839  4.477  3.4685 -0.629    8  0.896  0.132  1231.63   374.51   227.83   176.89   146.29  2 -3.76e-05      1.63 6.154e-01 3.690e-01 5.473e-04 4.726e-03 5.336e-03 -1.000 1.566e-02 -6.422 -11.402 -11.914 -13.475 -13.851 -13.935 -14.058 -14.261 -14.351 -14.493
0.0152 0.01508 8.04003 5.1189017296 2.6146647930    3.839  4.670  3.4399 -0.936    8  0.896  0.146  2910.10   652.47   387.13   303.03   250.96  1 -0.000283     11.50 6.152e-01 3.691e-01 5.855e-04 4.726e-03 5.336e-03 -1.000 1.570e-02 -6.904 -12.782 -13.517 -14.112 -14.367 -14.874 -15.441 -16.035 -16.319 -16.557
0.0152 0.01508 8.04003 5.1189022064 2.6146647930    3.838  4.646  3.4435 -0.898    8  0.896  0.146  2606.45   609.00   362.46   283.44   234.69  1  -0.00022      9.19 6.152e-01 3.691e-01 5.853e-04 4.726e-03 5.336e-03 -1.000 1.570e-02 -6.844 -12.687 -13.378 -14.100 -14.378 -14.817 -15.317 -15.846 -16.102 -16.324
0.0152 0.01508 8.04003 5.1189036369 2.6146647930    3.835  4.594  3.4510 -0.816    8  0.896  0.146  2062.67   525.03   314.57   245.46   203.17  1 -0.000128      5.56 6.152e-01 3.691e-01 5.849e-04 4.727e-03 5.336e-03 -1.000 1.570e-02 -6.714 -12.399 -13.018 -14.022 -14.337 -14.646 -15.012 -15.414 -15.614 -15.804
0.0152 0.01508 8.04003 5.1189069748 2.6146647930    3.830  4.516  3.4624 -0.693    8  0.896  0.146  1464.84   420.49   254.46   197.91   163.73  2 -5.71e-05      2.58 6.152e-01 3.691e-01 5.839e-04 4.728e-03 5.335e-03 -1.000 1.570e-02 -6.520 -11.775 -12.321 -13.721 -14.078 -14.229 -14.425 -14.684 -14.807 -14.962
0.0152 0.01508 8.04003 5.1189117432 2.6146647930    3.822  4.402  3.4790 -0.513    8  0.896  0.146   902.42   303.73   186.50   144.37   119.34  2 -1.74e-05      0.72 6.152e-01 3.691e-01 5.823e-04 4.730e-03 5.335e-03 -1.000 1.570e-02 -6.234 -10.689 -11.122 -12.795 -13.189 -13.186 -13.214 -13.353 -13.402 -13.531
0.0152 0.01508 8.04003 5.1189188957 2.6146647930    3.810  4.437  3.4736 -0.571    8  0.896  0.145  1051.25   336.93   205.91   159.66   132.01  2 -2.54e-05      1.08 6.152e-01 3.691e-01 5.799e-04 4.733e-03 5.335e-03 -1.000 1.570e-02 -6.321 -11.027 -11.501 -13.152 -13.540 -13.574 -13.642 -13.808 -13.874 -14.008
0.0152 0.01508 8.04003 5.1189293861 2.6146647930    3.793  4.458  3.4700 -0.609    8  0.897  0.144  1162.86   360.53   219.64   170.51   140.99  2 -3.23e-05      1.43 6.152e-01 3.691e-01 5.763e-04 4.738e-03 5.335e-03 -1.000 1.570e-02 -6.376 -11.258 -11.756 -13.349 -13.729 -13.794 -13.897 -14.087 -14.168 -14.306
0.0152 0.01508 8.04003 5.1189432144 2.6146647930    3.771  4.468  3.4680 -0.630    8  0.897  0.143  1227.30   373.65   227.24   176.54   145.99  2 -3.67e-05      1.61 6.152e-01 3.691e-01 5.714e-04 4.743e-03 5.335e-03 -1.000 1.570e-02 -6.401 -11.371 -11.881 -13.446 -13.822 -13.903 -14.024 -14.226 -14.315 -14.457
0.0152 0.01508 8.04003 5.1189608574 2.6146650314    3.742  4.471  3.4668 -0.641    8  0.897  0.141  1261.36   380.37   231.10   179.64   148.54  2 -3.89e-05      1.70 6.152e-01 3.691e-01 5.648e-04 4.751e-03 5.334e-03 -1.000 1.570e-02 -6.408 -11.423 -11.938 -13.489 -13.863 -13.953 -14.082 -14.291 -14.384 -14.526
0.0152 0.01508 8.04003 5.1189832687 2.6146650314    3.706  4.471  3.4660 -0.648    8  0.897  0.139  1282.94   384.48   233.43   181.54   150.11  2 -4.01e-05      1.77 6.152e-01 3.691e-01 5.560e-04 4.761e-03 5.334e-03 -1.000 1.570e-02 -6.408 -11.448 -11.967 -13.507 -13.879 -13.974 -14.110 -14.323 -14.419 -14.562
0.0152 0.01508 8.04003 5.1190104485 2.6146652699    3.664  4.470  3.4653 -0.655    8  0.898  0.131  1301.82   387.82   235.31   183.10   151.39  2 -4.11e-05      1.86 6.152e-01 3.691e-01 5.445e-04 4.772e-03 5.333e-03 -1.000 1.570e-02 -6.404 -11.468 -11.988 -13.514 -13.884 -13.985 -14.127 -14.345 -14.444 -14.588
0.0152 0.01508 8.04003 5.1190104485 2.6146652699    3.663  4.662  3.4365 -0.962    8  0.898  0.147  3091.17   676.53   400.33   314.08   260.04  1 -0.000309     13.08 6.151e-01 3.692e-01 5.893e-04 4.771e-03 5.333e-03 -1.000 1.575e-02 -6.885 -12.753 -13.515 -14.052 -14.294 -14.836 -15.437 -16.068 -16.366 -16.614
0.0152 0.01508 8.04003 5.1190109253 2.6146652699    3.662  4.638  3.4400 -0.925    8  0.898  0.147  2770.22   631.83   375.03   293.93   243.32  1 -0.000241     10.30 6.151e-01 3.692e-01 5.892e-04 4.772e-03 5.333e-03 -1.000 1.575e-02 -6.826 -12.685 -13.397 -14.057 -14.323 -14.796 -15.329 -15.891 -16.161 -16.392
0.0152 0.01508 8.04003 5.1190123558 2.6146652699    3.659  4.587  3.4476 -0.843    8  0.898  0.147  2191.79   544.93   325.60   254.65   210.72  1 -0.000141      6.32 6.151e-01 3.692e-01 5.890e-04 4.772e-03 5.333e-03 -1.000 1.575e-02 -6.697 -12.424 -13.057 -13.995 -14.301 -14.640 -15.037 -15.468 -15.681 -15.879
0.0152 0.01508 8.04003 5.1190156937 2.6146652699    3.654  4.509  3.4590 -0.720    8  0.898  0.147  1555.27   436.58   263.47   205.39   169.87  1 -6.29e-05      2.91 6.151e-01 3.692e-01 5.886e-04 4.772e-03 5.333e-03 -1.000 1.575e-02 -6.503 -11.843 -12.398 -13.743 -14.093 -14.267 -14.487 -14.765 -14.899 -15.059
0.0152 0.01508 8.04003 5.1190204620 2.6146652699    3.645  4.395  3.4758 -0.540    8  0.898  0.147   954.24   314.93   192.86   149.64   123.66  2 -1.92e-05      0.82 6.151e-01 3.692e-01 5.880e-04 4.773e-03 5.332e-03 -1.000 1.575e-02 -6.217 -10.756 -11.200 -12.876 -13.269 -13.276 -13.315 -13.462 -13.516 -13.646
0.0152 0.01508 8.04003 5.1190276146 2.6146652699    3.632  4.430  3.4703 -0.598    8  0.898  0.147  1113.46   349.59   213.07   165.59   136.87  2  -2.8e-05      1.27 6.151e-01 3.692e-01 5.869e-04 4.775e-03 5.332e-03 -1.000 1.575e-02 -6.304 -11.107 -11.591 -13.212 -13.595 -13.645 -13.731 -13.910 -13.984 -14.120
0.0152 0.01508 8.04003 5.1190376282 2.6146652699    3.614  4.451  3.4666 -0.637    8  0.898  0.146  1232.29   374.10   227.28   176.85   146.20  2 -3.56e-05      1.61 6.151e-01 3.692e-01 5.853e-04 4.776e-03 5.332e-03 -1.000 1.575e-02 -6.358 -11.329 -11.837 -13.403 -13.778 -13.859 -13.979 -14.182 -14.271 -14.412
0.0152 0.01508 8.04003 5.1190514565 2.6146655083    3.589  4.461  3.4646 -0.658    8  0.898  0.146  1301.44   387.84   235.21   183.16   151.42  2 -4.04e-05      1.84 6.151e-01 3.692e-01 5.831e-04 4.779e-03 5.332e-03 -1.000 1.575e-02 -6.382 -11.442 -11.961 -13.490 -13.860 -13.960 -14.100 -14.317 -14.415 -14.560
0.0152 0.01508 8.04003 5.1190690994 2.6146655083    3.558  4.464  3.4634 -0.669    8  0.899  0.145  1339.12   395.10   239.37   186.51   154.18  2 -4.29e-05      2.01 6.151e-01 3.692e-01 5.798e-04 4.782e-03 5.332e-03 -1.000 1.575e-02 -6.389 -11.493 -12.017 -13.518 -13.885 -13.996 -14.148 -14.375 -14.479 -14.625
0.0152 0.01508 8.04003 5.1190910339 2.6146655083    3.519  4.463  3.4624 -0.677    8  0.899  0.144  1364.32   399.80   242.03   188.69   155.98  1 -4.44e-05      2.11 6.151e-01 3.692e-01 5.753e-04 4.786e-03 5.332e-03 -1.000 1.575e-02 -6.388 -11.520 -12.047 -13.530 -13.895 -14.013 -14.173 -14.406 -14.513 -14.662
0.0152 0.01508 8.04003 5.1191182137 2.6146657467    3.473  4.461  3.4615 -0.685    8  0.899  0.137  1387.87   403.95   244.35   190.63   157.57  1 -4.56e-05      2.21 6.151e-01 3.692e-01 5.691e-04 4.792e-03 5.331e-03 -1.000 1.574e-02 -6.384 -11.542 -12.072 -13.539 -13.901 -14.026 -14.193 -14.431 -14.542 -14.692
0.0152 0.01508 8.04003 5.1191182137 2.6146657467    3.472  4.654  3.4326 -0.993    8  0.899  0.155  3308.75   704.96   415.88   327.12   270.75  1 -0.000343     14.99 6.149e-01 3.693e-01 6.201e-04 4.791e-03 5.331e-03 -1.000 1.580e-02 -6.865 -12.715 -13.510 -13.983 -14.207 -14.790 -15.430 -16.105 -16.418 -16.677
0.0152 0.01508 8.04003 5.1191186905 2.6146657467    3.471  4.630  3.4361 -0.955    8  0.899  0.155  2967.23   658.83   389.85   306.34   253.51  1 -0.000268     11.72 6.149e-01 3.693e-01 6.200e-04 4.791e-03 5.331e-03 -1.000 1.580e-02 -6.806 -12.673 -13.411 -14.001 -14.254 -14.766 -15.338 -15.939 -16.225 -16.466
0.0152 0.01508 8.04003 5.1191201210 2.6146657467    3.468  4.579  3.4437 -0.874    8  0.899  0.155  2348.00   568.59   338.68   265.56   219.69  1 -0.000157      7.25 6.149e-01 3.693e-01 6.198e-04 4.791e-03 5.331e-03 -1.000 1.580e-02 -6.678 -12.445 -13.096 -13.960 -14.256 -14.630 -15.061 -15.528 -15.757 -15.964
0.0152 0.01508 8.04003 5.1191229820 2.6146657467    3.462  4.502  3.4551 -0.752    8  0.899  0.155  1665.64   455.88   274.25   214.35   177.23  1 -7.04e-05      3.35 6.149e-01 3.693e-01 6.195e-04 4.791e-03 5.331e-03 -1.000 1.580e-02 -6.485 -11.909 -12.475 -13.756 -14.098 -14.299 -14.547 -14.849 -14.997 -15.163
0.0152 0.01508 8.04003 5.1191282272 2.6146657467    3.452  4.387  3.4720 -0.571    8  0.900  0.155  1018.57   328.64   200.62   156.07   128.93  2 -2.15e-05      0.94 6.149e-01 3.693e-01 6.190e-04 4.791e-03 5.331e-03 -1.000 1.580e-02 -6.199 -10.836 -11.295 -12.971 -13.361 -13.381 -13.434 -13.590 -13.651 -13.782
0.0152 0.01508 8.04003 5.1191353798 2.6146657467    3.437  4.422  3.4664 -0.630    8  0.900  0.155  1191.44   365.22   221.87   172.90   142.87  2 -3.14e-05      1.48 6.149e-01 3.693e-01 6.183e-04 4.791e-03 5.331e-03 -1.000 1.580e-02 -6.285 -11.194 -11.690 -13.278 -13.655 -13.724 -13.830 -14.024 -14.108 -14.247
0.0152 0.01508 8.04003 5.1191453934 2.6146659851    3.416  4.443  3.4627 -0.669    8  0.900  0.154  1320.83   391.12   236.85   184.79   152.72  1    -4e-05      1.90 6.149e-01 3.693e-01 6.174e-04 4.792e-03 5.331e-03 -1.000 1.580e-02 -6.338 -11.415 -11.934 -13.454 -13.822 -13.926 -14.070 -14.291 -14.391 -14.537
0.0152 0.01508 8.04003 5.1191587448 2.6146659851    3.388  4.453  3.4605 -0.691    8  0.900  0.154  1398.14   406.01   245.41   191.64   158.37  1 -4.55e-05      2.24 6.149e-01 3.693e-01 6.161e-04 4.792e-03 5.331e-03 -1.000 1.580e-02 -6.362 -11.529 -12.058 -13.521 -13.883 -14.009 -14.178 -14.418 -14.530 -14.680
0.0152 0.01508 8.04003 5.1191763878 2.6146659851    3.353  4.456  3.4591 -0.704    8  0.900  0.154  1443.24   414.44   250.21   195.52   161.58  1 -4.86e-05      2.42 6.149e-01 3.693e-01 6.147e-04 4.793e-03 5.331e-03 -1.000 1.580e-02 -6.369 -11.583 -12.118 -13.550 -13.908 -14.047 -14.230 -14.480 -14.599 -14.751
0.0152 0.01508 8.04003 5.1191983223 2.6146662235    3.309  4.455  3.4580 -0.714    8  0.901  0.153  1476.55   420.50   253.63   198.33   163.89  1 -5.07e-05      2.55 6.149e-01 3.693e-01 6.132e-04 4.794e-03 5.331e-03 -1.000 1.579e-02 -6.368 -11.614 -12.153 -13.562 -13.918 -14.066 -14.259 -14.517 -14.639 -14.794
0.0152 0.01508 8.04003 5.1192250252 2.6146662235    3.257  4.454  3.4567 -0.724    8  0.901  0.147  1511.04   426.52   257.00   201.13   166.19  1 -5.27e-05      2.68 6.149e-01 3.693e-01 6.116e-04 4.796e-03 5.331e-03 -1.000 1.579e-02 -6.364 -11.641 -12.184 -13.572 -13.925 -14.082 -14.284 -14.550 -14.677 -14.834
0.0152 0.01508 8.04003 5.1192250252 2.6146662235    3.256  4.646  3.4279 -1.032    8  0.901  0.165  3617.18   744.05   437.25   345.01   285.46  0 -0.000395     17.56 6.148e-01 3.694e-01 6.596e-04 4.795e-03 5.330e-03 -1.000 1.584e-02 -6.845 -12.675 -13.516 -13.902 -14.104 -14.741 -15.434 -16.165 -16.500 -16.773
0.0152 0.01508 8.04003 5.1192255020 2.6146662235    3.255  4.623  3.4313 -0.995    8  0.901  0.165  3246.40   695.92   410.19   323.34   267.49  0  -0.00031     14.29 6.148e-01 3.694e-01 6.595e-04 4.795e-03 5.330e-03 -1.000 1.584e-02 -6.786 -12.633 -13.415 -13.917 -14.147 -14.714 -15.339 -15.998 -16.307 -16.562
0.0152 0.01508 8.04003 5.1192269325 2.6146662235    3.251  4.572  3.4389 -0.914    8  0.901  0.165  2569.85   601.18   356.68   280.57   232.02  1 -0.000182      8.67 6.148e-01 3.694e-01 6.593e-04 4.795e-03 5.330e-03 -1.000 1.584e-02 -6.659 -12.470 -13.148 -13.913 -14.194 -14.617 -15.097 -15.611 -15.862 -16.081
0.0152 0.01508 8.04003 5.1192297935 2.6146662235    3.243  4.495  3.4502 -0.793    8  0.901  0.165  1823.36   482.64   289.18   226.76   187.42  1 -8.22e-05      4.20 6.148e-01 3.694e-01 6.590e-04 4.795e-03 5.330e-03 -1.000 1.584e-02 -6.467 -11.985 -12.567 -13.746 -14.077 -14.319 -14.611 -14.953 -15.121 -15.296
0.0152 0.01508 8.04003 5.1192345619 2.6146662235    3.231  4.380  3.4671 -0.613    8  0.901  0.165  1112.05   348.01   211.59   165.14   136.38  1 -2.51e-05      1.23 6.148e-01 3.694e-01 6.585e-04 4.795e-03 5.330e-03 -1.000 1.584e-02 -6.180 -10.965 -11.440 -13.070 -13.451 -13.497 -13.577 -13.753 -13.826 -13.961
0.0152 0.01508 8.04003 5.1192421913 2.6146664619    3.212  4.415  3.4613 -0.673    8  0.901  0.165  1306.01   387.50   234.43   183.30   151.40  1 -3.69e-05      1.81 6.148e-01 3.694e-01 6.579e-04 4.795e-03 5.330e-03 -1.000 1.584e-02 -6.267 -11.319 -11.832 -13.371 -13.740 -13.836 -13.972 -14.187 -14.285 -14.429
0.0152 0.01508 8.04003 5.1192522049 2.6146664619    3.186  4.436  3.4574 -0.713    8  0.901  0.164  1453.34   415.81   250.72   196.29   162.16  1 -4.73e-05      2.44 6.148e-01 3.694e-01 6.573e-04 4.795e-03 5.330e-03 -1.000 1.584e-02 -6.320 -11.536 -12.069 -13.499 -13.856 -13.997 -14.181 -14.433 -14.552 -14.705
0.0152 0.01508 8.04003 5.1192655563 2.6146664619    3.152  4.446  3.4550 -0.737    8  0.902  0.164  1546.06   432.92   260.49   204.15   168.65  1 -5.43e-05      2.81 6.148e-01 3.694e-01 6.570e-04 4.795e-03 5.330e-03 -1.000 1.584e-02 -6.344 -11.649 -12.195 -13.564 -13.914 -14.080 -14.290 -14.563 -14.695 -14.853
0.0152 0.01508 8.04003 5.1192827225 2.6146664619    3.108  4.448  3.4534 -0.752    8  0.902  0.164  1606.60   443.74   266.62   209.14   172.76  1 -5.88e-05      3.03 6.148e-01 3.694e-01 6.574e-04 4.795e-03 5.330e-03 -1.000 1.584e-02 -6.351 -11.710 -12.263 -13.595 -13.941 -14.122 -14.349 -14.635 -14.774 -14.936
0.0152 0.01508 8.04003 5.1193046570 2.6146667004    3.055  4.448  3.4518 -0.766    8  0.902  0.165  1657.74   452.65   271.63   213.26   176.16  1 -6.23e-05      3.21 6.148e-01 3.694e-01 6.591e-04 4.795e-03 5.330e-03 -1.000 1.584e-02 -6.350 -11.752 -12.310 -13.613 -13.956 -14.149 -14.389 -14.686 -14.831 -14.995
0.0152 0.01508 8.04003 5.1193313599 2.6146667004    2.990  4.447  3.4501 -0.781    8  0.903  0.160  1714.74   462.28   277.01   217.73   179.82  1 -6.62e-05      3.54 6.148e-01 3.694e-01 6.630e-04 4.795e-03 5.330e-03 -1.000 1.585e-02 -6.347 -11.784 -12.349 -13.613 -13.951 -14.161 -14.418 -14.729 -14.882 -15.050
0.0152 0.01508 8.04003 5.1193313599 2.6146667004    2.990  4.639  3.4212 -1.088    8  0.903  0.174  4129.63   805.95   471.02   373.26   308.70  0 -0.000495     22.40 6.147e-01 3.694e-01 6.946e-04 4.794e-03 5.330e-03 -1.000 1.588e-02 -6.826 -12.612 -13.535 -13.783 -13.940 -14.669 -15.448 -16.275 -16.641 -16.937
0.0152 0.01508 8.04003 5.1193318367 2.6146667004    2.987  4.616  3.4246 -1.052    8  0.903  0.174  3710.79   754.71   442.37   350.23   289.60  0  -0.00039     18.24 6.147e-01 3.694e-01 6.945e-04 4.794e-03 5.330e-03 -1.000 1.588e-02 -6.769 -12.594 -13.449 -13.815 -14.011 -14.663 -15.369 -16.116 -16.456 -16.733
0.0152 0.01508 8.04003 5.1193332672 2.6146667004    2.982  4.565  3.4320 -0.972    8  0.903  0.174  2941.78   653.24   385.37   304.47   251.68  0 -0.000231     11.35 6.147e-01 3.694e-01 6.944e-04 4.794e-03 5.330e-03 -1.000 1.588e-02 -6.642 -12.489 -13.218 -13.835 -14.091 -14.592 -15.151 -15.743 -16.026 -16.265
0.0152 0.01508 8.04003 5.1193361282 2.6146667004    2.970  4.488  3.4432 -0.853    8  0.903  0.174  2091.38   525.99   313.32   246.79   203.88  1 -0.000105      5.51 6.147e-01 3.694e-01 6.943e-04 4.794e-03 5.330e-03 -1.000 1.588e-02 -6.451 -12.104 -12.716 -13.740 -14.053 -14.358 -14.718 -15.120 -15.319 -15.510
0.0152 0.01508 8.04003 5.1193408966 2.6146669388    2.951  4.374  3.4599 -0.674    8  0.903  0.174  1274.50   380.18   229.76   180.15   148.71  1 -3.23e-05      1.67 6.147e-01 3.694e-01 6.942e-04 4.794e-03 5.330e-03 -1.000 1.588e-02 -6.164 -11.166 -11.667 -13.230 -13.601 -13.685 -13.809 -14.016 -14.109 -14.250
0.0152 0.01508 8.04003 5.1193480492 2.6146669388    2.923  4.409  3.4537 -0.738    8  0.903  0.174  1511.84   425.62   255.86   201.03   165.97  1 -4.81e-05      2.64 6.147e-01 3.694e-01 6.942e-04 4.794e-03 5.330e-03 -1.000 1.588e-02 -6.251 -11.511 -12.047 -13.448 -13.800 -13.954 -14.151 -14.415 -14.541 -14.697
0.0152 0.01508 8.04003 5.1193580627 2.6146669388    2.884  4.430  3.4492 -0.783    8  0.903  0.174  1702.43   459.87   275.41   216.74   178.96  1 -6.29e-05      3.42 6.147e-01 3.694e-01 6.948e-04 4.794e-03 5.330e-03 -1.000 1.588e-02 -6.304 -11.724 -12.285 -13.565 -13.905 -14.108 -14.359 -14.665 -14.815 -14.983
0.0152 0.01508 8.04003 5.1193714142 2.6146669388    2.832  4.439  3.4460 -0.813    8  0.903  0.174  1839.02   483.29   288.67   227.49   187.83  1  -7.4e-05      4.18 6.147e-01 3.694e-01 6.965e-04 4.794e-03 5.330e-03 -1.000 1.588e-02 -6.328 -11.831 -12.409 -13.597 -13.926 -14.167 -14.457 -14.798 -14.967 -15.142
0.0152 0.01508 8.04003 5.1193885803 2.6146671772    2.767  4.442  3.4434 -0.836    8  0.903  0.175  1948.07   501.30   298.78   235.79   194.67  1 -8.29e-05      4.74 6.147e-01 3.694e-01 7.001e-04 4.794e-03 5.330e-03 -1.000 1.589e-02 -6.335 -11.897 -12.488 -13.609 -13.932 -14.199 -14.518 -14.885 -15.066 -15.249
0.0152 0.01508 8.04003 5.1194100380 2.6146671772    2.688  4.442  3.4408 -0.859    8  0.904  0.177  2057.16   518.80   308.53   243.86   201.31  1 -9.18e-05      5.26 6.147e-01 3.695e-01 7.070e-04 4.794e-03 5.330e-03 -1.000 1.589e-02 -6.335 -11.952 -12.555 -13.614 -13.929 -14.222 -14.568 -14.959 -15.153 -15.342
0.0152 0.01508 8.04003 5.1194362640 2.6146674156    2.594  4.441  3.4424 -0.867    8  0.904  0.174  2077.61   521.42   309.78   245.18   202.35  0 -0.000101      5.70 6.146e-01 3.695e-01 7.190e-04 4.794e-03 5.330e-03 -1.000 1.591e-02 -6.332 -12.007 -12.623 -13.624 -13.934 -14.249 -14.619 -15.030 -15.234 -15.428
0.0152 0.01508 8.04003 5.1194362640 2.6146674156    2.593  4.633  3.4070 -1.201    8  0.904  0.180  5456.46   952.55   550.76   439.82   363.50  0 -0.000774     33.97 6.146e-01 3.695e-01 7.191e-04 4.794e-03 5.330e-03 -1.000 1.591e-02 -6.811 -12.421 -13.510 -13.474 -13.523 -14.441 -15.393 -16.419 -16.845 -17.188
0.0152 0.01508 8.04003 5.1194367409 2.6146674156    2.588  4.610  3.4101 -1.166    8  0.904  0.180  4923.15   895.00   518.92   414.04   342.14  0 -0.000614     29.29 6.146e-01 3.695e-01 7.194e-04 4.794e-03 5.330e-03 -1.000 1.591e-02 -6.755 -12.428 -13.453 -13.534 -13.625 -14.468 -15.350 -16.295 -16.697 -17.021
0.0152 0.01508 8.04003 5.1194381714 2.6146674156    2.574  4.559  3.4169 -1.091    8  0.904  0.180  3935.69   780.28   455.15   362.50   299.44  0  -0.00037     19.24 6.146e-01 3.695e-01 7.203e-04 4.794e-03 5.330e-03 -1.000 1.591e-02 -6.628 -12.439 -13.323 -13.659 -13.843 -14.518 -15.246 -16.015 -16.364 -16.646
0.0152 0.01508 8.04003 5.1194410324 2.6146674156    2.546  4.483  3.4273 -0.978    8  0.904  0.181  2825.12   634.26   373.35   296.56   244.83  0 -0.000173      9.83 6.146e-01 3.695e-01 7.220e-04 4.794e-03 5.330e-03 -1.000 1.591e-02 -6.438 -12.246 -12.945 -13.654 -13.921 -14.378 -14.894 -15.445 -15.711 -15.941
0.0152 0.01508 8.04003 5.1194458008 2.6146674156    2.500  4.368  3.4449 -0.801    8  0.904  0.181  1704.27   457.98   273.45   216.31   178.41  1 -5.49e-05      3.29 6.146e-01 3.695e-01 7.249e-04 4.794e-03 5.330e-03 -1.000 1.591e-02 -6.151 -11.545 -12.099 -13.400 -13.739 -13.936 -14.179 -14.480 -14.629 -14.795
0.0152 0.01508 8.04003 5.1194529533 2.6146674156    2.432  4.403  3.4351 -0.887    8  0.904  0.182  2145.08   531.34   314.95   249.94   206.18  0 -8.81e-05      5.44 6.146e-01 3.695e-01 7.292e-04 4.794e-03 5.330e-03 -1.000 1.592e-02 -6.238 -11.854 -12.459 -13.505 -13.817 -14.117 -14.471 -14.871 -15.070 -15.262
0.0152 0.01508 8.04003 5.1194629669 2.6146674156    2.341  4.424  3.4265 -0.959    8  0.905  0.184  2594.75   599.54   353.14   281.14   231.92  0 -0.000127      7.86 6.146e-01 3.695e-01 7.352e-04 4.794e-03 5.330e-03 -1.000 1.592e-02 -6.291 -12.033 -12.690 -13.532 -13.818 -14.211 -14.661 -15.152 -15.394 -15.609
0.0152 0.01508 8.04003 5.1194758415 2.6146674156    2.224  4.434  3.4193 -1.019    8  0.905  0.186  3025.20   659.84   386.54   308.75   254.65  0 -0.000168     10.66 6.145e-01 3.695e-01 7.433e-04 4.794e-03 5.330e-03 -1.000 1.593e-02 -6.314 -12.133 -12.860 -13.532 -13.790 -14.273 -14.812 -15.387 -15.663 -15.898
0.0152 0.01508 8.04003 5.1194930077 2.6146676540    2.082  4.437  3.4141 -1.072    8  0.905  0.189  3437.52   713.79   416.05   333.51   274.99  0 -0.000218     14.34 6.145e-01 3.695e-01 7.536e-04 4.794e-03 5.330e-03 -1.000 1.594e-02 -6.322 -12.138 -12.938 -13.455 -13.680 -14.250 -14.875 -15.536 -15.846 -16.102
0.0152 0.01508 8.04003 5.1195144653 2.6146676540    1.916  4.437  3.4114 -1.119    8  0.905  0.192  3818.35   760.62   441.26   355.12   292.68  0 -0.000286     18.54 6.145e-01 3.696e-01 7.667e-04 4.793e-03 5.330e-03 -1.000 1.596e-02 -6.323 -12.128 -13.002 -13.364 -13.554 -14.214 -14.928 -15.681 -16.024 -16.302
0.0152 0.01508 8.04003 5.1195406914 2.6146678925    1.732  4.436  3.4826 -0.877    8  0.906  0.190  1864.87   478.58   282.85   226.92   186.67  0 -0.000279     15.60 6.144e-01 3.696e-01 7.826e-04 4.793e-03 5.330e-03 -1.000 1.597e-02 -6.320 -12.258 -13.110 -13.458 -13.694 -14.304 -14.977 -15.662 -15.973 -16.236
0.0152 0.01508 8.04003 5.1196026802 2.6146681309    0.906 -9.999  4.0000  0.977    9  0.907  0.000     0.00     0.00     0.00     0.00     0.00 -1    -1e-30      0.00 6.143e-01 3.697e-01 8.346e-04 4.792e-03 5.330e-03 -1.000 1.603e-02 29.767 30.081 30.084 30.030 29.708 29.383 29.060 29.096 29.671 29.404