ZTFJ001553.23+093631.9   6713   3.97182   9.60887  11.4653752  0.253 5.014 58279.4503281 19.226 18.008    11.4750759    11.4653752   50   47  0.311  0.253 5.041 5.014  0.909  0.983 0.942 0.783   -5.237   -5.187 CEPII 0.000 0.000 
ZTFJ001842.80+540221.3   7751   4.67835  54.03925  15.4376714  0.163 6.373 58373.6193367 14.308 13.440    15.4376714    15.4254124   61   60  0.163  0.141 6.373 6.680  0.990  0.993 1.423 0.986   -8.259   -8.185 CEPII 0.000 0.000 
ZTFJ002244.58+334933.6   9196   5.68577  33.82600   1.1668058  0.465 4.166 58292.4830494 15.905 15.758     1.1673441     1.1668058   53   58  0.439  0.465 3.990 4.166  0.879  0.945 1.421 0.866   -3.640   -5.132 CEPII 0.000 0.000 
ZTFJ002636.32+562844.4  10476   6.65137  56.47902   8.4631465  0.204 6.860 58367.1460379 17.560 16.388     8.4572794     8.4631465   59   59  0.238  0.204 6.757 6.860  0.974  0.988 0.649 0.556   -7.663   -8.008 CEPII 0.000 0.000 
ZTFJ002855.37+430200.6  11233   7.23073  43.03352   1.1783033  0.217 5.009 58277.4508756 13.562 13.385     1.1783033     1.1782628  122  121  0.168  0.217 4.906 5.009  0.983  0.986 0.545 0.372  -17.636  -15.195 CEPII 0.000 0.000 
ZTFJ004100.87+112545.3  15327  10.25363  11.42927   2.3145410  0.273 4.993 58658.3934655 16.469 16.055     2.3144461     2.3145410   50   51  0.273  0.227 4.993 5.424  0.974  0.964 0.757 0.483   -5.463   -5.871 CEPII 0.000 0.000 
ZTFJ010104.90+705119.0  21982  15.27043  70.85529  29.8642079  0.023 3.873 58361.4384254 13.350  0.000    29.8642079     0.0000000  142    0  0.023  0.000 3.873 0.000  0.848  0.000 0.268 0.000  -22.351    0.000 CEPII 0.000 0.000 
ZTFJ011404.70+593321.7  26028  18.51961  59.55605   3.3342205  0.310 5.555 58378.3809386 20.161 18.666     3.3318899     3.3342205  103  138  0.130  0.310 5.637 5.555  0.768  0.922 0.823 0.540  -12.483  -20.686 CEPII 0.000 0.000 
ZTFJ013531.63+690955.3  32678  23.88183  69.16537  12.6043645  0.139 7.787 58300.4481347 13.448  0.000    12.6043645     0.0000000   62    0  0.139  0.000 7.787 0.000  0.944  0.000 0.582 0.000   -8.163    0.000 CEPII 0.000 0.000 
ZTFJ014249.74+552131.0  35067  25.70726  55.35863  10.8999844  0.166 6.908 58457.2038464 13.370 12.522    10.8999844    10.8986892  124  135  0.166  0.102 6.908 7.654  0.973  0.758 0.480 0.430  -21.258  -17.576 CEPII 0.000 0.000 
ZTFJ014935.95+141131.9  37671  27.39983  14.19221   2.2524264  0.217 5.100 58475.1246442 16.831 16.438     2.2526510     2.2524264   42   41  0.187  0.217 4.923 5.100  0.983  0.983 1.044 0.668   -4.563   -4.344 CEPII 0.000 0.000 
ZTFJ021339.85+093551.0  46009  33.41608   9.59750   1.1352303  0.264 3.988 58481.3092113 18.334 17.980     1.1349661     1.1352303   38   35  0.394  0.264 3.720 3.988  0.918  0.922 0.537 0.387   -2.782   -2.196 CEPII 0.000 0.000 
ZTFJ021623.17+044831.8  46923  34.09655   4.80884   1.3894045  0.198 4.231 58493.1237343 15.133 14.882     1.3896172     1.3894045   38   39  0.191  0.198 4.157 4.231  0.994  0.997 0.926 0.681   -3.759   -4.309 CEPII 0.000 0.000 
ZTFJ021757.80+590552.1  47526  34.49087  59.09781  25.1385074  0.336 5.589 58507.2112917 14.540 13.429    25.1547144    25.1385074  123  144  0.354  0.336 5.193 5.589  0.921  0.943 0.901 0.666  -17.470  -21.833 CEPII 0.000 0.000 
ZTFJ022239.42-012505.2  49077  35.66429  -1.41813   1.2932497  0.156 4.865 58437.3083314 16.888 16.610     1.2930188     1.2932497   36   36  0.220  0.156 4.549 4.865  0.991  0.990 0.880 0.601   -3.519   -3.605 CEPII 0.000 0.000 
ZTFJ022250.39+500419.0  49142  35.70996  50.07195   2.7618216  0.350 4.046 58379.3924377 15.061 14.505     2.7618216     2.7614664   58   67  0.350  0.367 4.046 4.269  0.988  0.986 0.491 0.344   -6.537   -8.314 CEPII 0.000 0.000 
ZTFJ022357.38+124941.7  49532  35.98910  12.82827  91.1478439  0.117 5.841 58386.0548243 14.834 13.529    91.1478439    93.8417936   37   33  0.117  0.188 5.841 6.208  0.992  0.979 1.017 0.730   -3.913   -3.144 CEPII 0.000 0.000 
ZTFJ023622.16+173930.6  53520  39.09237  17.65852   1.0597908  0.381 3.815 58490.1986840 16.232 15.893     1.0597908     1.0596819   40   42  0.381  0.347 3.815 4.071  0.992  0.986 0.590 0.395   -3.162   -3.509 CEPII 0.000 0.000 
ZTFJ025440.39+514928.7  59516  43.66833  51.82465  11.2452265  0.358 5.638 58362.4567741 14.224 13.375    11.2190336    11.2452265  240  254  0.418  0.358 4.969 5.638  0.965  0.976 0.829 0.592  -30.181  -34.327 CEPII 0.000 0.000 
ZTFJ025810.40-061150.1  60668  44.54336  -6.19725  32.4465182  0.247 5.590 58507.0035381 13.615 12.807    32.5758383    32.4465182  132  150  0.248  0.247 5.744 5.590  0.849  0.926 1.183 0.921   -6.365   -9.006 CEPII 0.000 0.000 
ZTFJ031307.01+634243.9  65180  48.27923  63.71220   1.3823887  0.282 4.103 58508.2279096 17.851 16.399     1.3824211     1.3823887  121  133  0.253  0.282 3.867 4.103  0.985  0.995 1.020 0.700  -20.143  -21.483 CEPII 0.000 0.000 
ZTFJ032404.30+211344.8  68666  51.01792  21.22913  14.7036710  0.136 7.627 58386.4616376 16.995 16.102    14.7036710    14.7089558   53   58  0.136  0.100 7.627 8.151  0.985  0.990 0.800 0.582   -7.094   -7.911 CEPII 0.000 0.000 
ZTFJ032725.00+025542.5  69802  51.85420   2.92848   1.3348832  0.496 4.151 58437.3037212 17.373 17.117     1.3337164     1.3348832   50   58  0.391  0.496 3.792 4.151  0.801  0.961 0.971 0.805   -4.043   -4.418 CEPII 0.000 0.000 
ZTFJ033230.97+451247.2  71326  53.12905  45.21313   1.3091927  0.186 4.563 58369.4359052 17.662 16.416     1.3091380     1.3091927  119  121  0.155  0.186 4.569 4.563  0.504  0.625 0.134 0.071   -9.099  -12.195 CEPII 0.000 0.000 
ZTFJ033236.75+391134.2  71362  53.15313  39.19285   1.1380586  0.398 4.016 58385.4659644 15.216 14.841     1.1380586     1.1387021   63   56  0.398  0.418 4.016 4.252  0.980  0.975 0.819 0.580   -6.932   -6.098 CEPII 0.000 0.000 
ZTFJ033947.85+152905.7  73675  54.94939  15.48494   2.2264046  0.145 5.345 58329.5119987 18.714 18.072     2.2253570     2.2264046   51   57  0.111  0.145 4.692 5.345  0.881  0.954 0.640 0.433   -5.927   -7.842 CEPII 0.000 0.000 
ZTFJ034145.52+730513.0  74181  55.43967  73.08695   2.1821018  0.398 4.607 58388.5250352 16.985 16.457     2.1817551     2.1821018   51   55  0.389  0.398 4.508 4.607  0.983  0.944 0.861 0.616   -5.340   -5.854 CEPII 0.000 0.000 
ZTFJ040236.51+642653.0  81105  60.65213  64.44806  12.2932416  0.169 7.036 58334.3461196 13.540  0.000    12.2932416     0.0000000   60    0  0.169  0.000 7.036 0.000  0.984  0.000 0.682 0.000   -8.198    0.000 CEPII 0.000 0.000 
ZTFJ042001.79+171645.9  87463  65.00748  17.27942  16.5892886  0.171 6.054 58204.4380997 17.738 16.776    16.6177513    16.5892886   62   63  0.221  0.171 5.852 6.054  0.981  0.989 1.302 0.970   -8.699   -8.695 CEPII 0.000 0.000 
ZTFJ043409.54+531908.9  93162  68.53979  53.31914  15.0046234  0.130 7.233 58539.0947503 17.350 15.345    15.0080705    15.0046234  123  139  0.153  0.130 6.794 7.233  0.975  0.994 1.191 0.944  -21.322  -25.170 CEPII 0.000 0.000 
ZTFJ044250.26+464204.3  96692  70.70944  46.70122  27.7608981  0.125 9.192 58430.2583004 13.322  0.000    27.7608981     0.0000000  116    0  0.125  0.000 9.192 0.000  0.925  0.000 0.618 0.000  -17.928    0.000 CEPII 0.000 0.000 
ZTFJ045954.96+101718.4 105118  74.97903  10.28847   6.4370584  0.368 5.015 58429.3812204 14.870 14.283     6.4314892     6.4370584  104  113  0.373  0.368 4.666 5.015  0.991  0.990 0.660 0.428  -13.571  -15.846 CEPII 0.000 0.000 
ZTFJ050514.25+214549.0 108065  76.30941  21.76362  13.9053428  0.238 6.140 58348.5301365 13.197  0.000    13.9053428     0.0000000   51    0  0.238  0.000 6.140 0.000  0.991  0.000 1.353 0.000   -6.454    0.000 CEPII 0.000 0.000 
ZTFJ050541.07+262307.9 108332  76.42113  26.38553   1.1372656  0.405 4.149 58510.2385867 20.273 19.500     1.1372627     1.1372656   36   59  0.453  0.405 9.168 4.149  0.790  0.823 0.720 0.463   -1.256   -4.538 CEPII 0.000 0.000 
ZTFJ051653.87+492820.9 114611  79.22447  49.47249  12.5844341  0.108 6.431 58369.4645392 16.109 14.946    12.5906704    12.5844341   62   69  0.098  0.108 6.129 6.431  0.896  0.969 0.369 0.324   -8.003  -10.460 CEPII 0.000 0.000 
ZTFJ052014.71+154939.5 116628  80.06133  15.82764   1.0569378  0.460 4.146 58219.1966070 19.026 18.452     1.0572104     1.0569378   50   60  0.410  0.460 3.853 4.146  0.892  0.944 1.516 1.044   -2.790   -4.790 CEPII 0.000 0.000 
ZTFJ053301.72+180758.7 124451  83.25718  18.13300 167.8175977  0.179 3.709 58442.7636889 14.461  0.000   167.8175977     0.0000000   53    0  0.179  0.000 3.709 0.000  0.939  0.000 0.775 0.000   -6.603    0.000 CEPII 0.000 0.000 
ZTFJ060526.99+250039.6 143341  91.36249  25.01102  36.1823835  0.212 5.399 58509.0126977 17.810 16.646    36.0012888    36.1823835   95  102  0.200  0.212 5.253 5.399  0.803  0.881 1.040 0.836  -12.346  -15.019 CEPII 0.000 0.000 
ZTFJ060614.91+135419.1 143746  91.56213  13.90531  30.9963780  0.289 4.871 58559.9846274 12.235  0.000    30.9963780     0.0000000   88    0  0.289  0.000 4.871 0.000  0.704  0.000 0.795 0.000   -8.878    0.000 CEPII 0.000 0.000 
ZTFJ060916.50+202758.3 145536  92.31876  20.46620   2.3907687  0.109 5.673 58560.1742103 20.859 19.001     0.0338048     2.3907687   26   93  2.146  0.109 5.485 5.673  0.262  0.841 0.587 0.525    0.000  -12.675 CEPII 0.000 0.000 
ZTFJ060923.41+032729.8 145600  92.34758   3.45828   1.6743386  0.133 4.689 58547.1501905 15.095 14.165     1.6737924     1.6743386   37   40  0.218  0.133 4.427 4.689  0.937  0.972 0.275 0.174   -3.544   -4.537 CEPII 0.000 0.000 
ZTFJ060923.57-065148.6 145601  92.34823  -6.86352  16.4122869  0.036 8.075 58430.4510326 14.689 13.759    16.3878998    16.4122869   33   33  0.081  0.036 6.700 8.075  0.994  0.996 1.110 0.857   -3.172   -3.022 CEPII 0.000 0.000 
ZTFJ062034.02+220741.3 152207  95.14176  22.12815  13.4825094  0.182 7.217 58378.5106815 15.774 14.504    13.4731683    13.4825094   93   94  0.177  0.182 6.809 7.217  0.981  0.989 0.944 0.722  -14.311  -14.621 CEPII 0.000 0.000 
ZTFJ062116.78+411807.7 152618  95.31994  41.30216   1.0175353  0.343 4.220 58356.4311256 17.424 17.013     1.0178343     1.0175353   63   68  0.340  0.343 4.130 4.220  0.926  0.950 0.515 0.369   -7.480   -8.303 CEPII 0.000 0.000 
ZTFJ062618.38+424156.1 155510  96.57661  42.69894   1.6692459  0.216 5.130 58471.2691459 13.802 13.309     1.6694056     1.6692459   64   68  0.203  0.216 4.398 5.130  0.960  0.954 0.994 0.602   -8.011   -9.383 CEPII 0.000 0.000 
ZTFJ063126.40+592607.3 158464  97.86000  59.43537   0.9722731  0.216 4.505 58340.4937566 16.573 16.227     0.9722731     0.9723553   57   53  0.216  0.220 4.505 4.994  0.990  0.976 0.343 0.264   -7.196   -6.925 CEPII 0.000 0.000 
ZTFJ063457.48+055627.4 160455  98.73952   5.94095  20.9164146  0.110 7.074 58438.3393763 18.507 16.723    20.9067951    20.9164146   85   77  0.117  0.110 8.252 7.074  0.928  0.977 0.690 0.610  -13.059  -11.488 CEPII 0.000 0.000 
ZTFJ063748.27-014552.1 162138  99.45116  -1.76449  15.6913257  0.118 6.039 58568.3847125 14.535 12.705    15.6879427    15.6913257   79   70  0.148  0.118 5.874 6.039  0.865  0.877 0.792 0.592  -10.341   -8.967 CEPII 0.000 0.000 
ZTFJ071231.60+120747.5 177646 108.13167  12.12988   2.8835979  0.416 5.516 58511.2009095 19.026 17.732     2.8867468     2.8835979   42   49  0.474  0.416 5.508 5.516  0.971  0.989 1.315 1.027   -3.350   -5.307 CEPII 0.000 0.000 
ZTFJ073807.20+385446.1 184053 114.53002  38.91282   1.5795461  0.485 4.540 58425.4397552 19.077 18.779     1.5779295     1.5795461   52   52  0.499  0.485 4.006 4.540  0.805  0.820 0.768 0.514   -4.508   -3.635 CEPII 0.000 0.000 
ZTFJ075154.68+273341.0 185650 117.97784  27.56140  16.2436267  0.113 6.631 58441.2421719 18.634 18.117    16.2536162    16.2436267   42   48  0.145  0.113 6.052 6.631  0.968  0.970 1.162 0.951   -4.771   -5.930 CEPII 0.000 0.000 
ZTFJ075236.50-172300.6 185740 118.15211 -17.38352   2.0188516  0.326 4.758 58481.2961062 12.336  0.000     2.0188516     0.0000000   70    0  0.326  0.000 4.758 0.000  0.932  0.000 1.253 0.000   -6.171    0.000 CEPII 0.000 0.000 
ZTFJ075307.40-035332.1 185797 118.28084  -3.89227  33.2966085  0.207 5.834 58379.9226033 15.672 15.038    33.1519974    33.2966085   41   32  0.326  0.207 5.674 5.834  0.943  0.942 1.227 0.912   -3.927   -2.476 CEPII 0.000 0.000 
ZTFJ081755.93+232714.3 187631 124.48306  23.45398  14.9726509  0.156 7.193 58372.5130499 13.933 13.304    14.9608580    14.9726509   45   47  0.167  0.156 6.699 7.193  0.988  0.990 1.268 0.983   -5.230   -5.515 CEPII 0.000 0.000 
ZTFJ090421.05+415512.9 189808 136.08771  41.92025  13.2304891  0.145 7.287 58617.2122752 14.929 14.344    13.2304891    13.2239866  111   97  0.145  0.138 7.287 8.029  0.967  0.964 0.578 0.416  -16.554  -14.035 CEPII 0.000 0.000 
ZTFJ092700.90+141210.2 190643 141.75379  14.20284   1.3211935  0.229 3.980 58447.4873231 13.444 13.306     1.3212001     1.3211935   39   43  0.229  0.260 3.980 4.239  0.995  0.994 1.019 0.696   -3.695   -5.112 CEPII 0.000 0.000 
ZTFJ094302.67+083313.8 191184 145.76113   8.55385   1.1468495  0.266 4.514 58447.4562359 16.522 16.407     1.1467135     1.1468495   36   41  0.271  0.266 4.357 4.514  0.986  0.986 1.115 0.748   -2.980   -3.344 CEPII 0.000 0.000 
ZTFJ094531.44+121442.0 191267 146.38104  12.24501   2.0640129  0.331 8.065 58434.4915061 17.119 16.392     2.0644906     2.0640129   39   42  0.354  0.331 8.245 8.065  0.930  0.970 0.444 0.355   -3.298   -4.218 CEPII 0.000 0.000 
ZTFJ110636.74-061519.3 193998 166.65310  -6.25538   2.0728157  0.439 4.755 58202.2914820 15.949 15.621     2.0718044     2.0728157   67   63  0.452  0.439 4.406 4.755  0.987  0.989 1.025 0.710   -7.026   -5.738 CEPII 0.000 0.000 
ZTFJ121413.53+060117.1 196984 183.55639   6.02142   1.0819091  0.477 4.084 58218.3051572 16.577 16.523     1.0820824     1.0819091   62   77  0.445  0.477 3.824 4.084  0.942  0.943 1.574 1.122   -4.864   -6.260 CEPII 0.000 0.000 
ZTFJ124121.70+694035.9 198525 190.34045  69.67664   1.6287542  0.374 4.564 58206.2643865 15.036 14.766     1.6289262     1.6287542  286  224  0.400  0.374 4.235 4.564  0.978  0.977 0.691 0.478  -39.637  -30.194 CEPII 0.000 0.000 
ZTFJ134136.30+010845.2 201862 205.40127   1.14589   1.2184224  0.387 3.891 58258.1745047 13.876 13.617     1.2184224     1.2184687   56   43  0.387  0.429 3.891 4.212  0.995  0.992 0.602 0.429   -6.445   -3.239 CEPII 0.000 0.000 
ZTFJ134452.46+192815.0 202062 206.21860  19.47084   2.0773584  0.396 4.340 58472.5513015 15.007 14.687     2.0773584     2.0772476   73   58  0.396  0.397 4.340 4.664  0.992  0.989 0.703 0.489   -9.663   -6.842 CEPII 0.000 0.000 
ZTFJ134903.03+081101.8 202285 207.26265   8.18385   1.9886236  0.452 4.489 58336.1350967 17.189 16.969     1.9886236     1.9882455  238  180  0.452  0.460 4.489 4.703  0.992  0.989 0.927 0.660  -15.906  -10.646 CEPII 0.000 0.000 
ZTFJ135543.92+034552.4 202652 208.93302   3.76456   1.6136093  0.018 5.057 58502.4666037 17.205 16.849     1.6134890     1.6136093   55   44  0.065  0.018 3.900 5.057  0.984  0.978 0.700 0.430   -7.117   -5.022 CEPII 0.000 0.000 
ZTFJ140440.49+290819.2 203182 211.16871  29.13868   1.8497441  0.503 4.489 58507.5031795 17.057 16.817     1.8497591     1.8497441   77   68  0.450  0.503 4.244 4.489  0.979  0.982 1.143 0.799   -8.361   -6.474 CEPII 0.000 0.000 
ZTFJ141957.55-035008.6 204056 214.98982  -3.83574  13.8568240  0.268 6.068 58594.3327095 16.987 16.389    13.8450045    13.8568240   48   45  0.303  0.268 5.665 6.068  0.993  0.996 1.537 0.996   -5.324   -5.194 CEPII 0.000 0.000 
ZTFJ142357.88-010010.3 204290 215.99119  -1.00287   1.3066366  0.454 3.927 58655.2278228 14.071 13.772     1.3066366     1.3063274   48   49  0.454  0.516 3.927 4.223  0.985  0.963 1.291 1.122   -4.100   -3.758 CEPII 0.000 0.000 
ZTFJ142509.35+080801.5 204359 216.28897   8.13377   1.1562853  0.456 3.923 58491.4942469 18.199 17.974     1.1562853     1.1561402  362  334  0.456  0.465 3.923 4.154  0.954  0.952 1.034 0.806  -17.940  -14.427 CEPII 0.000 0.000 
ZTFJ142841.54+031742.2 204564 217.17310   3.29506   1.4946018  0.563 4.507 58218.4096563 17.614 17.405     0.5981211     1.4946018   56   62  0.482  0.563 4.299 4.507  0.956  0.961 1.107 0.851   -5.549   -6.589 CEPII 0.000 0.000 
ZTFJ143040.52-090508.5 204677 217.66884  -9.08572   8.4460938  0.185 6.838 58300.2047025 14.793 14.322     8.4471615     8.4460938   38   42  0.187  0.185 6.481 6.838  0.978  0.973 0.303 0.234   -3.620   -4.719 CEPII 0.000 0.000 
ZTFJ145500.36+020018.9 206335 223.75152   2.00527   1.0740428  0.446 4.249 58642.2583939 18.016 17.905     1.0740962     1.0740428   56   58  0.509  0.446 4.156 4.249  0.947  0.970 1.279 0.773   -3.983   -5.303 CEPII 0.000 0.000 
ZTFJ151017.47+665117.2 207485 227.57280  66.85480   1.4661280  0.446 3.922 58243.2439057 18.140 17.979     1.4661280     1.4659586  171  137  0.446  0.496 3.922 4.225  0.951  0.949 1.281 0.980  -18.553  -13.132 CEPII 0.000 0.000 
ZTFJ151155.32+315019.1 207622 227.98051  31.83864   8.9980168  0.087 4.984 58323.9157685 16.663 15.878     8.9885016     8.9980168  211  222  0.175  0.087 5.399 4.984  0.864  0.894 0.238 0.203  -31.324  -32.776 CEPII 0.000 0.000 
ZTFJ152159.58+242808.4 208556 230.49828  24.46900 114.8573521  0.359 6.192 58300.1332376 13.494  0.000   114.8573521     0.0000000   87    0  0.359  0.000 6.192 0.000  0.745  0.000 0.806 0.000   -7.255    0.000 CEPII 0.000 0.000 
ZTFJ152703.03+082419.4 208975 231.76266   8.40540   1.6715008  0.271 4.267 58543.4620517 17.582 17.322     1.6713030     1.6715008   66   59  0.340  0.271 4.092 4.267  0.958  0.970 0.432 0.329   -8.194   -7.757 CEPII 0.000 0.000 
ZTFJ152943.31-131051.8 209220 232.43049 -13.18108 128.6409978  0.323 5.851 58276.5974927 18.144 16.609   130.0343826   128.6409978   39   41  0.349  0.323 5.919 5.851  0.935  0.983 1.200 1.220   -3.378   -4.005 CEPII 0.000 0.000 
ZTFJ153025.38+105629.9 209282 232.60577  10.94166   1.6621043  0.272 4.123 58343.1804847 16.391 16.114     1.6620673     1.6621043  127  127  0.272  0.296 4.123 4.378  0.986  0.982 0.429 0.314  -16.148  -17.957 CEPII 0.000 0.000 
ZTFJ154107.55+353316.3 210352 235.28149  35.55455   1.2711099  0.501 4.179 58234.4381650 14.999 14.751     1.2712562     1.2711099  229  230  0.491  0.501 3.992 4.179  0.967  0.964 1.291 0.945  -27.324  -23.438 CEPII 0.000 0.000 
ZTFJ155146.58-065422.3 211443 237.94412  -6.90622   1.1796849  0.473 4.071 58292.2846602 15.596 15.170     1.1796849     1.1798324   37   41  0.473  0.458 4.071 4.263  0.988  0.985 0.777 0.589   -2.352   -2.591 CEPII 0.000 0.000 
ZTFJ160948.65+315858.5 213535 242.45271  31.98292   2.6653945  0.261 4.845 58284.2721549 15.111 14.719     2.6653043     2.6653945  331  220  0.261  0.220 4.845 5.267  0.985  0.981 0.614 0.408  -37.045  -37.527 CEPII 0.000 0.000 
ZTFJ161114.89-165140.1 213720 242.81206 -16.86114  13.1775417  0.149 7.151 58646.2092060 13.240  0.000    13.1775417     0.0000000   37    0  0.149  0.000 7.151 0.000  0.985  0.000 0.775 0.000   -3.855    0.000 CEPII 0.000 0.000 
ZTFJ162324.84+255004.1 215350 245.85353  25.83449   1.2922547  0.163 9.421 58218.4850654 14.946 14.728     1.2922547     1.2922760  214  213  0.163  0.148 9.421 3.366  0.995  0.989 0.497 0.353  -37.061  -37.091 CEPII 0.000 0.000 
ZTFJ163330.53-025014.3 216939 248.37722  -2.83732   1.2089505  0.455 4.068 58228.4696394 15.820 15.241     1.2091058     1.2089505   45   39  0.447  0.455 3.850 4.068  0.743  0.825 0.726 0.518   -2.833   -2.404 CEPII 0.000 0.000 
ZTFJ163523.84-113255.9 217246 248.84936 -11.54888   2.2009613  0.367 4.831 58198.3790593 15.643 14.856     2.2015542     2.2009613   77   70  0.377  0.367 4.742 4.831  0.932  0.932 1.274 0.887   -5.851   -6.455 CEPII 0.000 0.000 
ZTFJ163607.36+512508.9 217343 249.03068  51.41915   1.0121100  0.309 4.753 58257.4063446 15.062 14.772    67.2007130    67.4525054  534  790  0.309  0.287 4.753 5.153  0.987  0.973 0.404 0.281  -33.096  -44.521 CEPII 0.000 0.000 
ZTFJ163956.11+074045.2 217999 249.98383   7.67923   2.4485321  0.306 4.735 58235.3691122 16.231 15.810     2.4482395     2.4485321   57   55  0.313  0.306 4.400 4.735  0.994  0.982 0.510 0.350   -7.276   -6.809 CEPII 0.000 0.000 
ZTFJ164135.89+362748.6 218276 250.39957  36.46350   5.1107009  0.234 5.049 58207.4805463 13.201 12.935     5.1107009     5.1115311  160   38  0.234  0.249 5.049 5.258  0.995  0.997 1.095 0.793  -27.450   -3.900 CEPII 0.000 0.000 
ZTFJ164146.47+362727.8 218307 250.44364  36.45775   1.4590447  0.284 4.206 58204.4805121 14.255 14.048     1.4589725     1.4590447  160   38  0.295  0.284 3.988 4.206  0.994  0.994 1.250 0.933  -26.997   -3.661 CEPII 0.000 0.000 
ZTFJ164147.97+362909.8 218309 250.44988  36.48606   2.1126502  0.192 5.089 58210.4974316 14.326 13.999     2.1133746     2.1126502  153   38  0.177  0.192 4.786 5.089  0.969  0.961 0.719 0.484  -25.405   -3.890 CEPII 0.000 0.000 
ZTFJ164333.41-033902.7 218578 250.88923  -3.65077   1.0831190  0.175 6.233 58288.2747070 15.931 15.565    12.5862166     1.0831190   28   23  0.524  0.175 3.727 6.233  0.940  0.910 0.790 0.331   -0.357   -0.368 CEPII 0.000 0.000 
ZTFJ164658.32+473057.0 219236 251.74302  47.51585  14.8265812  0.113 7.787 58230.3390451 15.730 15.184    14.8227461    14.8265812  267  254  0.137  0.113 7.501 7.787  0.982  0.985 0.866 0.668  -47.551  -44.272 CEPII 0.000 0.000 
ZTFJ164857.16-135330.9 219674 252.23818 -13.89192   1.4564279  0.293 3.934 58276.3552669 15.876 14.981     1.4565108     1.4564279   59  281  0.293  0.264 3.934 4.143  0.989  0.976 1.062 0.726   -4.627   -2.449 CEPII 0.000 0.000 
ZTFJ165551.20+094021.0 221052 253.96334   9.67252   2.3974182  0.379 4.883 58218.4396684 14.267 13.885     2.3973602     2.3974182   63   68  0.340  0.379 4.587 4.883  0.982  0.991 0.624 0.428   -8.279   -9.585 CEPII 0.000 0.000 
ZTFJ165707.54-040542.3 221326 254.28145  -4.09511   2.3078437  0.189 4.742 58639.2920653 14.328 13.700     2.3076126     2.3078437   41   36  0.119  0.189 3.906 4.742  0.913  0.963 0.451 0.316   -3.999   -3.086 CEPII 0.000 0.000 
ZTFJ165902.58+044730.0 221708 254.76077   4.79169   1.7756907  0.377 4.635 58210.4341644 15.304 14.864     1.7754960     1.7756907   40   37  0.346  0.377 4.158 4.635  0.991  0.987 0.553 0.415   -3.686   -3.012 CEPII 0.000 0.000 
ZTFJ171022.05-040336.1 224320 257.59191  -4.06003  15.2205939  0.212 6.165 58587.4159738 13.223  0.000    15.2205939     0.0000000   44    0  0.212  0.000 6.165 0.000  0.981  0.000 1.480 0.000   -5.180    0.000 CEPII 0.000 0.000 
ZTFJ171031.13+222308.7 224355 257.62973  22.38577   1.1913504  0.417 3.815 58209.4876464 15.968 15.389     1.1913504     1.1914104   66   77  0.417  0.468 3.815 3.956  0.976  0.892 0.652 0.357   -7.656   -7.608 CEPII 0.000 0.000 
ZTFJ171255.76-001448.2 224950 258.23237  -0.24675   1.9026027  0.183 4.776 58303.2182488 16.742 16.149     1.9026027     1.9032464   45   39  0.183  0.202 4.776 5.088  0.966  0.950 0.865 0.552   -4.845   -3.901 CEPII 0.000 0.000 
ZTFJ171413.60-132039.9 225281 258.55668 -13.34442  28.1363851  0.395 5.815 58301.4598385 13.693 12.464    28.1363851     0.0263899   63  256  0.395  0.547 5.815 6.023  0.848  0.915 1.366 0.630   -4.702    0.000 CEPII 0.000 0.000 
ZTFJ171707.59+430721.5 226086 259.28166  43.12264   1.0614597  0.422 3.860 58294.3717117 14.249 14.011     1.0613655     1.0614597  254  180  0.422  0.418 3.860 4.229  0.977  0.958 0.714 0.489  -35.519  -23.759 CEPII 0.000 0.000 
ZTFJ171830.54+575604.5 226521 259.62727  57.93461   0.9074247  0.419 4.149 58660.3471384 19.294 19.107     0.9074247     0.9073641  256  243  0.477  0.419 3.903 4.149  0.883  0.913 1.369 0.949  -28.386  -27.819 CEPII 0.000 0.000 
ZTFJ171936.05+575415.5 226876 259.90021  57.90432   1.5901784  0.289 4.461 58281.3916018 18.242 18.015     1.5901784     1.5901981  267  246  0.289  0.301 4.461 4.657  0.961  0.948 0.513 0.390  -43.200  -38.138 CEPII 0.000 0.000 
ZTFJ172002.93+034855.8 227045 260.01222   3.81552   1.5965843  0.270 4.203 58651.3150487 13.483 13.075     1.5965843     1.5967818   53   60  0.270  0.334 4.203 4.501  0.992  0.988 0.989 0.761   -6.278   -7.739 CEPII 0.000 0.000 
ZTFJ172017.79+575707.5 227130 260.07414  57.95210   0.9009150  0.370 3.970 58203.4035717 19.390 19.140     0.9009150     0.9009045  249  242  0.370  0.321 3.970 4.066  0.873  0.864 0.875 0.585  -31.560  -29.903 CEPII 0.000 0.000 
ZTFJ172410.37+575831.1 228326 261.04323  57.97533   1.1836575  0.420 3.958 58211.4777097 19.042 18.845     1.1836575     1.1834647  258  243  0.420  0.461 3.958 4.226  0.942  0.925 0.933 0.663  -33.761  -28.404 CEPII 0.000 0.000 
ZTFJ172612.76+343914.6 228828 261.55320  34.65407   1.1374121  0.334 3.818 58293.2335345 14.164 13.874     1.1374121     1.1374977  254  230  0.334  0.326 3.818 4.106  0.995  0.990 0.456 0.327  -39.977  -33.909 CEPII 0.000 0.000 
ZTFJ172849.29+083531.8 229631 262.20538   8.59217   1.5731512  0.252 4.465 58282.3251122 15.296 14.993     1.5733754     1.5731512   63   67  0.238  0.252 4.388 4.465  0.985  0.986 0.858 0.611   -8.040   -9.255 CEPII 0.000 0.000 
ZTFJ172911.83+334005.0 229757 262.29930  33.66806  18.6999739  0.021 8.627 58262.2483020 15.100 14.412    18.6999739    18.7044740  252  235  0.021  0.037 8.627 7.481  0.931  0.926 0.168 0.141  -43.545  -39.139 CEPII 0.000 0.000 
ZTFJ173135.57+264203.3 230498 262.89822  26.70092   1.0552293  0.382 3.853 58288.3856879 15.680 15.441     1.0552293     1.0553826  226  199  0.382  0.407 3.853 4.133  0.983  0.970 0.848 0.616  -31.773  -24.459 CEPII 0.000 0.000 
ZTFJ173240.40+074220.2 230822 263.16836   7.70563  12.1522054  0.131 8.199 58364.9912439 13.847 13.128    12.1505797    12.1522054   53   54  0.187  0.131 7.474 8.199  0.962  0.984 0.464 0.354   -6.659   -7.508 CEPII 0.000 0.000 
ZTFJ173258.29-020937.2 230919 263.24289  -2.16036   1.7369601  0.293 4.909 58236.4195755 16.493 15.710     1.7369601     1.7371621   46   42  0.293  0.161 4.909 5.161  0.962  0.973 0.863 0.569   -4.758   -4.610 CEPII 0.000 0.000 
ZTFJ173721.07-031244.9 232352 264.33782  -3.21249  12.0832093  0.098 7.028 58281.6490761 15.234 14.180    12.0743400    12.0832093   45   42  0.179  0.098 6.611 7.028  0.978  0.991 0.589 0.511   -5.633   -5.037 CEPII 0.000 0.000 
ZTFJ173728.60-031645.2 232408 264.36920  -3.27923   2.7939039  0.299 4.928 58540.5555430 15.964 15.050     2.7942120     2.7939039   45   42  0.297  0.299 5.141 4.928  0.966  0.964 0.904 0.580   -4.148   -2.895 CEPII 0.000 0.000 
ZTFJ173737.38-031359.4 232483 264.40577  -3.23318  18.7436342  0.244 5.812 58642.1942909 14.876 13.751    18.7427667    18.7436342   45   42  0.322  0.244 5.731 5.812  0.973  0.973 1.407 0.976   -4.648   -4.518 CEPII 0.000 0.000 
ZTFJ173740.42-031620.4 232512 264.41842  -3.27234  13.5936098  0.133 6.925 58347.1363207 15.379 14.129    13.5867223    13.5936098   45   42  0.164  0.133 6.407 6.925  0.987  0.992 0.997 0.745   -5.310   -4.968 CEPII 0.000 0.000 
ZTFJ174131.89+054718.9 233918 265.38289   5.78860   1.7442430  0.427 4.266 58298.3179909 14.166 13.768     1.7443206     1.7442430   53   62  0.427  0.433 4.266 4.567  0.997  0.994 0.775 0.559   -5.070   -6.389 CEPII 0.000 0.000 
ZTFJ174156.55+150430.2 234072 265.48565  15.07507   1.2094542  0.490 3.901 58653.3189760 12.527 12.231     1.2094542     1.2094176   64   63  0.490  0.503 3.901 4.152  0.955  0.951 1.514 1.289   -5.626   -5.168 CEPII 0.000 0.000 
ZTFJ174158.28-053958.1 234080 265.49287  -5.66616   1.1372196  0.396 4.168 58577.5030171 17.041 15.985     1.1372196     1.1371790   45   41  0.401  0.396 3.933 4.168  0.937  0.948 1.152 0.882   -4.187   -2.595 CEPII 0.000 0.000 
ZTFJ174204.89+274520.7 234122 265.52039  27.75577   1.0198656  0.468 3.905 58386.1240857 17.020 16.877    51.4263557    45.2993641  220  204  0.468  0.396 3.905 4.142  0.957  0.937 1.350 0.856  -24.195  -18.016 CEPII 0.000 0.000 
ZTFJ174727.81-035854.4 236447 266.86590  -3.98179   4.0074988  0.312 4.915 58642.3655297 16.301 15.238     4.0074988     4.0080829   52   46  0.312  0.282 4.915 5.277  0.990  0.990 0.951 0.614   -5.850   -5.213 CEPII 0.000 0.000 
ZTFJ174821.28-124031.5 236856 267.08869 -12.67542   1.0478253  0.159 4.653 58637.3341146 17.036 16.151     1.0478203     1.0478253   27   32  0.162  0.159 4.092 4.653  0.981  0.991 0.556 0.414   -1.943   -3.007 CEPII 0.000 0.000 
ZTFJ175017.54+113825.8 237782 267.57310  11.64052  14.6878829  0.218 6.362 58252.3198360 14.611 13.892    14.6975214    14.6878829   55   63  0.270  0.218 5.846 6.362  0.997  0.995 1.512 1.030   -6.192   -8.445 CEPII 0.000 0.000 
ZTFJ175207.45-010507.2 238741 268.03108  -1.08536   2.8437941  0.334 4.827 58259.4193958 14.004 13.152     2.8437941     2.8437709   52   45  0.334  0.358 4.827 5.027  0.995  0.968 1.262 0.939   -4.772   -3.983 CEPII 0.000 0.000 
ZTFJ175437.61-033310.0 240036 268.65672  -3.55278   7.3682559  0.187 4.705 58330.3321586 17.776 16.494     7.3701054     7.3682559   49   44  0.195  0.187 4.515 4.705  0.992  0.993 1.056 0.750   -6.412   -5.399 CEPII 0.000 0.000 
ZTFJ175542.24+055209.8 240602 268.92602   5.86940   1.8996843  0.457 4.530 58334.3470569 14.690 14.258     1.8999886     1.8996843   54   63  0.493  0.457 4.346 4.530  0.989  0.991 1.147 0.807   -5.093   -6.667 CEPII 0.000 0.000 
ZTFJ175908.16+053826.3 242231 269.78401   5.64066   2.0160746  0.204 5.180 58597.4120741 14.139 13.625     2.0159396     2.0160746   54   63  0.263  0.204 5.045 5.180  0.948  0.933 0.930 0.652   -5.511   -7.708 CEPII 0.000 0.000 
ZTFJ175938.98+004708.9 242590 269.91242   0.78583  16.3792533  0.058 8.359 58307.3425336 13.487 12.603    16.3889224    16.3792533   52   44  0.097  0.058 7.222 8.359  0.985  0.986 1.062 0.843   -7.185   -5.256 CEPII 0.000 0.000 
ZTFJ175945.77-085648.8 242702 269.94074  -8.94691  33.8350872  0.143 8.398 58256.1162820 18.148 15.600    33.8350872    33.7582558   92   94  0.143  0.200 8.398 9.207  0.660  0.589 0.638 0.495   -6.805   -7.045 CEPII 0.000 0.000 
ZTFJ180144.85-090002.3 244335 270.43691  -9.00066   1.2470697  0.227 4.643 58257.4490289 19.566 18.121     1.2470411     1.2470697   54   59  0.192  0.227 4.265 4.643  0.962  0.974 1.055 0.741   -6.337   -7.039 CEPII 0.000 0.000 
ZTFJ180153.48-085820.1 244437 270.47286  -8.97226   3.0614221  0.265 5.434 58321.2350584 18.971 17.249     3.0605900     3.0614221   60   61  0.285  0.265 5.080 5.434  0.908  0.989 0.857 0.586   -6.565   -8.589 CEPII 0.000 0.000 
ZTFJ180342.78-110014.3 245892 270.92825 -11.00400  14.5987173  0.161 7.750 58633.2574943 17.065 15.065    14.6028088    14.5987173   62   61  0.190  0.161 7.523 7.750  0.956  0.982 0.922 0.694   -8.363   -8.511 CEPII 0.000 0.000 
ZTFJ180526.55-105944.4 247369 271.36064 -10.99569  27.5685709  0.128 5.564 58304.3984207 16.766 14.438    27.5685709    27.5584403   62   61  0.128  0.182 5.564 5.454  0.902  0.892 2.073 1.534   -7.850   -7.373 CEPII 0.000 0.000 
ZTFJ180528.91+075420.8 247412 271.37047   7.90578  13.6288384  0.149 7.528 58244.4995320 12.234  0.000    13.6288384     0.0000000   53    0  0.149  0.000 7.528 0.000  0.967  0.000 0.669 0.000   -6.581    0.000 CEPII 0.000 0.000 
ZTFJ180702.36-093655.1 248520 271.75986  -9.61531  15.3045812  0.188 6.371 58348.1388423 15.160 13.221    15.3045812    15.3169604   58   60  0.188  0.159 6.371 6.974  0.978  0.985 1.359 1.017   -7.769   -7.867 CEPII 0.000 0.000 
ZTFJ180745.40-145019.1 249137 271.93919 -14.83864   1.6676600  0.202 5.135 58287.3075430 20.383 18.293     0.4008874     1.6676600   14   33  0.914  0.202 3.241 5.135  0.677  0.978 1.568 0.599    0.000   -3.029 CEPII 0.000 0.000 
ZTFJ180753.94-113328.6 249281 271.97476 -11.55796  27.2170844  0.302 4.339 58650.0924519 19.014 16.327    29.5284466    27.2170844   59   62  0.241  0.302 4.543 4.339  0.432  0.657 0.499 0.626   -3.162   -4.030 CEPII 0.000 0.000 
ZTFJ180801.56-074742.9 249393 272.00653  -7.79526   0.7417021  0.172 3.351 58247.4660611 19.041 17.436     0.7416683     0.7417021   51   58  0.128  0.172 8.102 3.351  0.899  0.952 0.653 0.433   -5.292   -7.352 CEPII 0.000 0.000 
ZTFJ181114.98-051851.1 251911 272.81242  -5.31420  13.9309778  0.189 6.833 58649.1671735 17.017 15.280    13.9326042    13.9309778   49   44  0.179  0.189 6.350 6.833  0.988  0.987 1.324 0.934   -6.297   -5.086 CEPII 0.000 0.000 
ZTFJ181349.03-092713.7 254053 273.45432  -9.45382   1.6006940  0.535 3.915 58279.3923666 20.060 18.225     0.6144785     1.6006940   46   61  0.468  0.535 3.584 3.915  0.852  0.966 1.212 0.801   -1.712   -5.272 CEPII 0.000 0.000 
ZTFJ181435.34-101200.1 254600 273.64727 -10.20004   2.8111554  0.226 5.278 58257.4770686 17.081 15.332     2.8114652     2.8111554   63   62  0.329  0.226 4.875 5.278  0.933  0.966 0.493 0.328   -7.163   -8.414 CEPII 0.000 0.000 
ZTFJ181639.64-020546.4 257083 274.16520  -2.09623   1.8921400  0.386 4.497 58356.2723291 18.857 17.110     1.8919784     1.8921400   88   91  0.414  0.386 4.239 4.497  0.893  0.933 0.616 0.424  -10.884  -11.493 CEPII 0.000 0.000 
ZTFJ181649.27-052129.9 257264 274.20532  -5.35833   3.3029098  0.336 5.174 58606.4780799 15.731 14.161     3.3027827     3.3029098   99   96  0.337  0.336 4.938 5.174  0.985  0.985 1.086 0.770  -13.700  -13.521 CEPII 0.000 0.000 
ZTFJ181910.47+033444.7 260119 274.79366   3.57909   1.1627898  0.185 4.708 58270.4731547 14.249 13.661     1.1627898     1.1629294   35   34  0.185  0.196 4.708 5.092  0.969  0.958 0.314 0.214   -3.124   -2.820 CEPII 0.000 0.000 
ZTFJ181932.38+091737.5 260631 274.88493   9.29376   1.1156637  0.353 4.810 58269.3796361 13.985 13.487     1.1152729     1.1156637   59   65  0.205  0.353 4.494 4.810  0.680  0.785 0.651 0.428   -5.003   -6.161 CEPII 0.000 0.000 
ZTFJ182022.63-102503.7 261753 275.09430 -10.41770  15.5677005  0.252 5.694 58237.3213311 17.323 14.672    15.5677005    15.5499381   63   62  0.252  0.255 5.694 6.375  0.955  0.945 1.623 1.161   -8.324   -6.947 CEPII 0.000 0.000 
ZTFJ182158.80-062045.5 263549 275.49504  -6.34599   2.4057522  0.419 4.386 58636.4018098 19.697 18.282     2.4051530     2.4057522   42   45  0.266  0.419 4.026 4.386  0.873  0.927 1.084 0.855   -3.634   -3.805 CEPII 0.000 0.000 
ZTFJ182242.97-070627.7 264548 275.67906  -7.10772   1.8390360  0.354 5.165 58298.3081216 18.573 16.918     1.8388899     1.8390360   58   61  0.298  0.354 4.791 5.165  0.935  0.979 0.965 0.677   -6.892   -7.468 CEPII 0.000 0.000 
ZTFJ182250.64-012846.7 264750 275.71104  -1.47966  11.0775825  0.159 6.712 58258.4331601 15.625 14.082    11.0775825    11.0786761   93   94  0.159  0.150 6.712 7.220  0.955  0.967 0.484 0.384  -14.844  -14.275 CEPII 0.000 0.000 
ZTFJ182414.13+005200.0 266574 276.05888   0.86669   3.5374260  0.205 4.918 58654.3827655 17.943 16.183     3.5372301     3.5374260  282  282  0.172  0.205 4.698 4.918  0.946  0.949 0.518 0.334  -20.796  -21.974 CEPII 0.000 0.000 
ZTFJ182422.09-110019.9 266744 276.09207 -11.00553   2.3567689  0.128 4.467 58371.1271397  0.000 17.800     0.0000000     2.3567689    0   62  0.000  0.128 0.000 4.467  0.000  0.846 0.000 0.502    0.000   -6.696 CEPII 0.000 0.000 
ZTFJ182556.64-012731.0 268824 276.48602  -1.45862   1.2995914  0.165 4.468 58282.3460008 18.937 17.502     1.2996523     1.2995914   85   92  0.123  0.165 4.235 4.468  0.957  0.985 0.687 0.483  -13.570  -15.318 CEPII 0.000 0.000 
ZTFJ182652.49-122834.6 270059 276.71871 -12.47629   4.5258236  0.259 5.011 58636.5099156  0.000 18.714     0.0000000     4.5258236    0   60  0.000  0.259 0.000 5.011  0.000  0.953 0.000 0.765    0.000   -6.920 CEPII 0.000 0.000 
ZTFJ182723.11+004645.5 270773 276.84633   0.77931   3.2258483  0.073 3.686 58319.3052762 17.994 15.980     3.2266235     3.2258483   88   92  0.138  0.073 4.051 3.686  0.910  0.966 0.388 0.260  -13.339  -14.888 CEPII 0.000 0.000 
ZTFJ182837.02-132527.5 272357 277.15428 -13.42433  33.5542139  0.121 5.189 58303.2282956 19.209 17.238     1.0277987    33.5542139  122  138  0.131  0.121 4.663 5.189  0.511  0.862 0.490 0.461   -5.843  -14.501 CEPII 0.000 0.000 
ZTFJ182845.24+051409.0 272530 277.18852   5.23586   4.6674536  0.193 5.344 58369.1975883 14.857 13.743     4.6664738     4.6674536   55   54  0.206  0.193 5.156 5.344  0.993  0.993 1.016 0.688   -7.503   -7.478 CEPII 0.000 0.000 
ZTFJ183023.41+074816.2 274472 277.59756   7.80452   3.1782509  0.307 4.855 58343.3075056 15.975 15.337     3.1782509     3.1769472  183  180  0.307  0.305 4.855 5.162  0.989  0.987 1.027 0.727  -27.703  -26.003 CEPII 0.000 0.000 
ZTFJ183041.55+054623.1 274913 277.67316   5.77311  13.5595595  0.124 7.566 58651.4447792 15.766 14.364    13.5595595    13.5562464  181  182  0.124  0.095 7.566 8.019  0.962  0.972 0.604 0.475  -29.260  -27.943 CEPII 0.000 0.000 
ZTFJ183132.41-125336.4 276231 277.88505 -12.89345   8.8115802  0.214 5.453 58634.3429953 17.770 15.477     8.8234271     8.8115802   54   22  0.241  0.214 5.001 5.453  0.947  0.966 0.673 0.475   -6.911   -0.327 CEPII 0.000 0.000 
ZTFJ183324.51-111929.0 279162 278.35215 -11.32474  28.8633679  0.314 6.025 58654.2832182 16.368 14.158     0.9639128    28.8633679   53   61  0.347  0.314 6.114 6.025  0.795  0.711 0.489 0.362   -3.963   -4.794 CEPII 0.000 0.000 
ZTFJ183347.56+162557.1 279804 278.44820  16.43255  15.3711456  0.119 6.837 58216.5077628 15.054 14.118    15.3705189    15.3711456   66   69  0.148  0.119 6.355 6.837  0.992  0.994 1.326 0.990   -9.696  -10.301 CEPII 0.000 0.000 
ZTFJ183357.41+313824.1 280091 278.48923  31.64005  23.7646357  0.352 4.973 58584.5157631 12.205 11.709    23.6731965    23.7646357  429  174  0.443  0.352 4.402 4.973  0.936  0.738 1.062 0.794  -24.481  -18.124 CEPII 0.000 0.000 
ZTFJ183656.30+054940.9 285582 279.23461   5.82804   2.5143926  0.381 4.819 58608.4664142 17.327 16.136     2.5144246     2.5143926  130  130  0.370  0.381 4.487 4.819  0.967  0.975 1.144 0.797  -17.845  -18.528 CEPII 0.000 0.000 
ZTFJ183710.30+150859.6 285910 279.29293  15.14989   1.3687020  0.523 4.266 58254.4762160 15.540 14.848     1.3688949     1.3687020   61   65  0.510  0.523 3.948 4.266  0.973  0.982 1.073 0.804   -5.854   -6.065 CEPII 0.000 0.000 
ZTFJ183805.24+040905.0 287512 279.52184   4.15141   2.1447740  0.309 5.035 58608.4838150 19.388 18.116     2.1448811     2.1447740  107  124  0.283  0.309 4.812 5.035  0.823  0.871 1.130 0.791  -12.275  -16.207 CEPII 0.000 0.000 
ZTFJ183836.05-032931.3 288557 279.65021  -3.49204  13.9241651  0.199 6.998 58644.0970352 19.454 16.651    13.9354994    13.9241651   88   72  0.229  0.199 6.513 6.998  0.894  0.976 0.962 0.740  -10.508  -10.301 CEPII 0.000 0.000 
ZTFJ183908.48-062818.1 289552 279.78535  -6.47172   1.6377397  0.139 4.297 58608.4305011 18.559 16.378     1.6377397     1.6377485   54   44  0.139  0.055 4.297 7.124  0.905  0.858 0.634 0.327   -6.435   -4.531 CEPII 0.000 0.000 
ZTFJ183928.97-111654.8 290218 279.87073 -11.28189   7.2623220  0.192 5.399 58650.3999060 17.992 15.700     7.2660336     7.2623220   55   46  0.069  0.192 4.693 5.399  0.737  0.893 0.337 0.259   -4.949   -4.958 CEPII 0.000 0.000 
ZTFJ184107.77+031438.6 293810 280.28239   3.24407  10.3150049  0.079 6.808 58367.1313355 19.882 17.777    10.3286759    10.3150049   91  126  0.105  0.079 8.551 6.808  0.735  0.850 1.052 0.914  -10.904  -19.121 CEPII 0.000 0.000 
ZTFJ184123.32-132022.3 294391 280.34719 -13.33954  22.7268685  0.172 6.138 58274.3407869 16.563 14.994    22.7955198    22.7268685  104   99  0.262  0.172 5.887 6.138  0.909  0.973 1.329 1.097  -11.192  -11.902 CEPII 0.000 0.000 
ZTFJ184258.35+041550.5 297824 280.74315   4.26404   1.8111510  0.204 4.526 58306.3424865 17.824 16.271     1.8111510     1.8112396  132  124  0.166  0.204 4.669 4.526  0.924  0.953 0.531 0.359  -21.902  -19.647 CEPII 0.000 0.000 
ZTFJ184258.97+015138.4 297849 280.74572   1.86067  12.4562719  0.329 4.530 58334.3468512 19.070 16.193    12.4717232    12.4562719  118  134  0.352  0.329 3.551 4.530  0.796  0.951 0.628 0.497  -14.103  -20.025 CEPII 0.000 0.000 
ZTFJ184322.22-092809.8 298775 280.84262  -9.46939   2.2393658  0.381 4.705 58289.4301153 16.805 15.522     2.2393658     2.2387516   55   35  0.381  0.428 4.705 4.959  0.978  0.956 1.223 0.842   -6.127   -2.141 CEPII 0.000 0.000 
ZTFJ184326.10-104427.3 298954 280.85877 -10.74093  17.1359052  0.323 6.060 58209.1054563 14.985 13.423    17.0275557    17.1359052   54   32  0.311  0.323 5.620 6.060  0.933  0.958 1.597 1.116   -6.076   -2.129 CEPII 0.000 0.000 
ZTFJ184346.52-132750.4 299815 280.94387 -13.46401  12.6957608  0.137 7.619 58337.4169837 15.778 14.119    12.6923489    12.6957608   83   77  0.165  0.137 7.420 7.619  0.942  0.976 0.613 0.461   -9.807   -9.985 CEPII 0.000 0.000 
ZTFJ184433.57-122711.9 301581 281.13988 -12.45331  19.1348436  0.384 4.877 58279.2725212 17.752 16.283    19.1348436    19.1388836   53   56  0.384  0.397 4.877 5.131  0.949  0.931 0.968 0.748   -5.450   -5.201 CEPII 0.000 0.000 
ZTFJ184521.93+102310.9 303366 281.34138  10.38638   4.2530163  0.314 5.134 58367.2371796 14.605 13.746     4.2530163     4.2530376  213  204  0.316  0.314 4.764 5.134  0.991  0.993 0.974 0.676  -34.319  -31.008 CEPII 0.000 0.000 
ZTFJ184546.94+225311.9 304373 281.44559  22.88666   7.1142222  0.192 6.061 58385.2406345 20.002 18.948     7.1105146     7.1142222   61   69  0.196  0.192 6.671 6.061  0.807  0.900 0.696 0.515   -6.103   -9.210 CEPII 0.000 0.000 
ZTFJ184730.02-115629.3 308729 281.87512 -11.94150   1.3038823  0.289 4.039 58373.2010587 17.501 16.274     1.3038823     1.3039712   53   53  0.289  0.302 4.039 4.303  0.987  0.984 1.155 0.775   -6.743   -6.049 CEPII 0.000 0.000 
ZTFJ184748.01+015429.7 309456 281.95008   1.90826  38.4314233  0.173 5.658 58648.3772918  0.000 18.983     0.0000000    38.4314233    0  131  0.000  0.173 0.000 5.658  0.000  0.843 0.000 0.848    0.000  -19.257 CEPII 0.000 0.000 
ZTFJ184750.44-064057.4 309553 281.96017  -6.68262   9.5857831  0.121 4.409 58593.5180975 17.205  0.000     9.5857831     0.0000000   35    4  0.121  0.000 4.409 0.000  0.975  0.000 0.895 0.000   -3.439    0.000 CEPII 0.000 0.000 
ZTFJ184844.82+372249.8 311757 282.18675  37.38051  21.0639376  0.295 5.789 58205.6438535 15.785 15.332    21.0624348    21.0639376  242  197  0.318  0.295 5.447 5.789  0.970  0.963 1.320 0.983  -36.320  -30.927 CEPII 0.000 0.000 
ZTFJ185101.80-045008.5 316986 282.75753  -4.83570  14.7103923  0.147 5.846 58368.1240501 17.947 15.695     1.0698587    14.7103923   88   73  0.220  0.147 6.364 5.846  0.749  0.839 0.336 0.268   -8.883   -8.870 CEPII 0.000 0.000 
ZTFJ185126.76+192610.2 318121 282.86151  19.43617   1.0600788  0.424 4.115 58660.3564826 18.916 18.315     1.0600835     1.0600788   67   70  0.424  0.479 4.115 4.212  0.958  0.955 1.323 1.100   -7.385   -6.169 CEPII 0.000 0.000 
ZTFJ185203.34-125948.3 319307 283.01393 -12.99676   1.3948815  0.207 5.191 58285.4260273 15.024 14.134     1.3947527     1.3948815   54   47  0.289  0.207 4.728 5.191  0.989  0.992 0.821 0.472   -6.676   -5.605 CEPII 0.000 0.000 
ZTFJ185209.55-055848.6 319495 283.03983  -5.98018  13.3095570  0.290 4.568 58651.5349446 18.630 17.066    13.3163132    13.3095570   87   65  0.164  0.290 5.431 4.568  0.719  0.864 0.363 0.286   -9.416   -7.605 CEPII 0.000 0.000 
ZTFJ185209.97-030141.3 319507 283.04155  -3.02815   3.0290566  0.250 5.101 58633.4158924 17.869 15.642     3.0289606     3.0290566   88  108  0.267  0.250 4.634 5.101  0.965  0.984 1.069 0.720  -12.779  -17.359 CEPII 0.000 0.000 
ZTFJ185231.62+505316.3 320401 283.13179  50.88788   3.1855516  0.253 5.210 58426.1566608 15.469 15.033     3.1852944     3.1855516  236  201  0.261  0.253 4.827 5.210  0.990  0.988 0.566 0.404  -39.953  -33.765 CEPII 0.000 0.000 
ZTFJ185239.51-063524.3 320796 283.16463  -6.59009  32.5137229  0.300 5.499 58292.8848785 13.980 13.020    32.7343333    32.5137229   46   30  0.353  0.300 4.848 5.499  0.845  0.894 0.890 0.669   -3.661   -1.383 CEPII 0.000 0.000 
ZTFJ185252.10-123035.4 321337 283.21711 -12.50984   1.4674613  0.340 4.425 58280.4107231 14.027 13.338     1.4674613     1.4676572   53   50  0.340  0.353 4.425 4.991  0.987  0.962 0.981 0.653   -5.949   -5.007 CEPII 0.000 0.000 
ZTFJ185341.80-040900.6 323692 283.42420  -4.15019  11.7011737  0.224 6.144 58218.4467198 19.009 16.496    11.6948516    11.7011737   83   88  0.238  0.224 5.633 6.144  0.929  0.974 1.154 0.967  -11.223  -13.088 CEPII 0.000 0.000 
ZTFJ185511.40-030333.3 327555 283.79752  -3.05927   1.0539693  0.331 4.890 58593.4250131 19.885 17.826     1.0537757     1.0539693   70   93  0.429  0.331 4.607 4.890  0.881  0.966 1.103 0.677   -7.063  -12.624 CEPII 0.000 0.000 
ZTFJ185534.99+120429.8 328674 283.89580  12.07495  29.2672958  0.294 4.973 58209.5695000 13.598  0.000    29.2672958     0.0000000  150    0  0.294  0.000 4.973 0.000  0.644  0.000 0.682 0.000  -14.849    0.000 CEPII 0.000 0.000 
ZTFJ185624.71-005452.8 331205 284.10297  -0.91469   2.0769192  0.197 5.380 58632.4874140 20.721 18.498     1.9187774     2.0769192   37   40  0.069  0.197 4.749 5.380  0.746  0.960 0.882 0.650   -1.328   -4.214 CEPII 0.000 0.000 
ZTFJ185724.18+104233.4 334147 284.35079  10.70928   8.0285352  0.045 7.874 58349.2229177 14.446 12.919     8.0285352     8.0294369  157  147  0.045  0.071 7.874 9.104  0.852  0.849 0.503 0.311  -25.179  -23.242 CEPII 0.000 0.000 
ZTFJ185736.89+201849.2 334586 284.40372  20.31367  10.9515049  0.117 4.172 58364.2109875 17.480 16.408    10.9485877    10.9515049   68   70  0.067  0.117 3.805 4.172  0.823  0.922 0.251 0.206   -8.351   -9.684 CEPII 0.000 0.000 
ZTFJ185811.19+092121.0 336025 284.54665   9.35586   2.1080296  0.275 5.143 58389.1063083 19.630 17.679     2.1080466     2.1080296  146  161  0.272  0.275 4.737 5.143  0.902  0.976 1.220 0.777  -21.613  -27.323 CEPII 0.000 0.000 
ZTFJ185817.25+115632.3 336289 284.57191  11.94232   7.5682392  0.198 6.548 58650.4783653 15.891 14.453     7.5668910     7.5682392  149  124  0.191  0.198 5.910 6.548  0.859  0.860 0.242 0.179  -22.245  -18.456 CEPII 0.000 0.000 
ZTFJ185845.83-055704.7 337623 284.69097  -5.95132  15.3597108  0.166 6.773 58285.5821231 14.971 13.764    15.3597108    15.3675721   90   85  0.166  0.128 6.773 7.221  0.988  0.987 1.274 0.964  -14.581  -13.097 CEPII 0.000 0.000 
ZTFJ185958.39-050314.5 340609 284.99331  -5.05405  20.2769801  0.130 6.705 58295.2390522 17.006 15.445    20.2769801    20.2472479   90   94  0.130  0.102 6.705 7.113  0.973  0.974 1.239 0.913  -13.449  -15.266 CEPII 0.000 0.000 
ZTFJ190118.24+160305.2 344858 285.32602  16.05146   1.9822064  0.215 4.933 58252.4834533 18.509 17.239     0.6644920     1.9822064   75   83  0.206  0.215 4.761 4.933  0.904  0.952 0.847 0.673   -9.712  -11.686 CEPII 0.000 0.000 
ZTFJ190123.49+181617.6 345142 285.34791  18.27158  15.1639808  0.182 6.425 58337.2504534 14.314 13.233    15.1639808    15.1691351  226  237  0.182  0.153 6.425 6.877  0.991  0.991 1.432 1.036  -37.772  -40.724 CEPII 0.000 0.000 
ZTFJ190201.25+105344.1 347296 285.50525  10.89561   1.7009077  0.181 4.759 58277.3582356 16.961 15.636     1.7009077     1.7006678  152  129  0.181  0.185 4.759 5.257  0.940  0.933 0.891 0.603  -23.709  -19.315 CEPII 0.000 0.000 
ZTFJ190202.59-034531.3 347375 285.51082  -3.75870  12.0409473  0.392 5.368 58290.3113700 16.646 14.971     0.9208244    12.0409473   91   90  0.364  0.392 5.284 5.368  0.505  0.802 1.004 0.789   -5.607   -8.402 CEPII 0.000 0.000 
ZTFJ190221.93-122118.7 348505 285.59139 -12.35522   9.2005161  0.136 5.510 58315.2972179 17.189 15.738     9.2005161     0.9018298   33  387  0.136  1.572 5.510 8.372  0.938  0.976 0.626 0.358   -2.377   -0.837 CEPII 0.000 0.000 
ZTFJ190351.67+065510.4 353826 285.96532   6.91957  39.1933016  0.419 4.195 58582.7687691 19.926 16.421    39.2955649    39.1933016  100  137  0.352  0.419 4.737 4.195  0.584  0.714 0.835 0.796   -7.373  -14.282 CEPII 0.000 0.000 
ZTFJ190454.55+103206.0 357645 286.22732  10.53500  33.3730492  0.141 5.584 58640.3554285 17.983 15.274     1.0278001    33.3730492  153  148  0.223  0.141 5.595 5.584  0.552  0.656 0.759 0.524  -14.597  -16.937 CEPII 0.000 0.000 
ZTFJ190455.58+461007.1 357684 286.23162  46.16865  10.4139791  0.211 7.843 58587.4791127 13.231 12.692    10.4157249    10.4139791  237  207  0.159  0.211 7.288 7.843  0.973  0.871 0.333 0.273  -42.013  -31.629 CEPII 0.000 0.000 
ZTFJ190459.92+093414.8 357881 286.24967   9.57078   4.2742456  0.400 4.523 58382.1403466 21.460 18.559     0.0256743     4.2742456   24  157  0.227  0.400 6.704 4.523  0.645  0.931 1.033 0.526    0.000  -22.196 CEPII 0.000 0.000 
ZTFJ190502.96-065058.6 358009 286.26234  -6.84963   1.6681909  0.386 4.996 58348.2160206 13.911 13.261     1.6687709     2.4799775   33  383  0.386  0.110 4.996 4.817  0.997  0.945 1.142 0.757   -2.652   -3.066 CEPII 0.000 0.000 
ZTFJ190519.97+015557.2 358817 286.33321   1.93257   4.4772052  0.279 5.445 58288.4922820 18.492 16.660     4.4760404     4.4772052  108  102  0.315  0.279 5.063 5.445  0.911  0.971 0.608 0.457  -15.485  -15.923 CEPII 0.000 0.000 
ZTFJ190523.48+144809.7 359063 286.34787  14.80270   1.3851762  0.224 4.352 58317.3405960 16.304 15.137     1.3851762     1.3850846  155  147  0.224  0.251 4.352 4.605  0.976  0.969 1.213 0.812  -25.406  -22.831 CEPII 0.000 0.000 
ZTFJ190530.90+020006.6 359604 286.37877   2.00184  16.1653592  0.065 7.667 58313.4085501 17.374 15.428    16.1640970    16.1653592  122  124  0.085  0.065 7.208 7.667  0.976  0.991 0.886 0.723  -21.470  -22.118 CEPII 0.000 0.000 
ZTFJ190648.58+230032.1 364752 286.70244  23.00893   4.8391810  0.138 4.880 58399.2246940 14.794 13.647     4.8385319     4.8391810   71   68  0.107  0.138 4.761 4.880  0.982  0.991 1.026 0.718  -10.217  -10.036 CEPII 0.000 0.000 
ZTFJ190744.49+020057.6 368010 286.93538   2.01602   7.3991857  0.025 9.396 58274.3165770 20.242 18.293     0.8787673     7.3991857   69  119  0.133  0.025 6.909 9.396  0.672  0.942 0.608 0.502   -6.197  -20.252 CEPII 0.000 0.000 
ZTFJ190841.51-014951.0 371696 287.17297  -1.83084  15.1222010  0.063 4.761 58249.3254973 19.946 18.364    15.0692630    15.1222010   56   71  0.057  0.063 6.655 4.761  0.738  0.800 0.576 0.307   -4.403   -7.778 CEPII 0.000 0.000 
ZTFJ190848.42+104642.6 372155 287.20179  10.77852   2.1816339  0.190 5.186 58342.3155550 20.808 18.382     0.0628664     2.1816339   27   86  0.024  0.190 5.368 5.186  0.858  0.955 1.480 0.767   -0.405  -12.481 CEPII 0.000 0.000 
ZTFJ190936.73+245019.5 375645 287.40306  24.83877   6.7930704  0.172 4.991 58334.2400971 13.045  0.000     6.7930704     0.0000000   72    0  0.172  0.000 4.991 0.000  0.943  0.000 0.278 0.000  -10.354    0.000 CEPII 0.000 0.000 
ZTFJ191107.27+112622.4 381823 287.78032  11.43958   1.8658010  0.435 4.293 58360.2230496 21.323 19.113     0.0363790     1.8657236   18  160  2.147  0.435 4.960 4.293  0.478  0.694 0.890 0.606    0.000  -17.022 CEPII 0.000 0.000 
ZTFJ191155.87+050346.7 385026 287.98283   5.06300   2.0121838  0.336 5.275 58350.3620277 18.988 16.531     2.0124103     2.0120090  118  137  0.290  0.336 4.861 5.275  0.920  0.979 0.978 0.689  -17.003  -22.183 CEPII 0.000 0.000 
ZTFJ191201.02-102209.6 385399 288.00426 -10.36935  11.2104714  0.131 6.918 58246.4065627 15.427 14.513    11.2104714     5.6089505   33  389  0.131  0.289 6.918 8.487  0.971  0.947 0.516 0.304   -2.930   -0.643 CEPII 0.000 0.000 
ZTFJ191208.51-104332.9 385872 288.03547 -10.72583   4.8960265  0.060 5.895 58288.4219371 17.425 16.074     4.8973763     4.8960265   33  389  0.101  0.060 6.596 5.895  0.960  0.986 0.419 0.372   -2.991   -6.265 CEPII 0.000 0.000 
ZTFJ191254.26+134858.6 388102 288.22612  13.81628  32.3144905  0.318 5.450 58283.3845005 17.755 15.191    32.3144905    32.3185397  291  307  0.318  0.266 5.450 5.519  0.798  0.753 1.848 1.414  -33.961  -33.515 CEPII 0.000 0.000 
ZTFJ191340.57+500535.8 390842 288.41906  50.09328  18.8564311  0.154 5.427 58654.3620253 16.314 15.373    18.9060737    18.8564311  417  731  0.187  0.154 5.255 5.427  0.922  0.935 0.559 0.493  -54.888  -55.701 CEPII 0.000 0.000 
ZTFJ191344.30+125138.6 391084 288.43460  12.86075  13.2405047  0.208 6.610 58433.0575724  0.000 19.512     0.0000000    13.2405047    0  305  0.000  0.208 0.000 6.610  0.000  0.895 0.000 0.827    0.000  -40.293 CEPII 0.000 0.000 
ZTFJ191429.22+060147.0 393856 288.62178   6.02973  14.8436206  0.220 6.137 58313.2540732 17.521 15.572    14.8436206    14.8598205  122  121  0.220  0.192 6.137 6.751  0.974  0.985 1.382 1.007  -20.058  -19.646 CEPII 0.000 0.000 
ZTFJ191505.28-022201.2 396167 288.77201  -2.36702   1.5420824  0.239 4.099 58345.3082922 15.651 14.757     1.5420824     1.5423367   49   54  0.239  0.315 4.099 4.550  0.977  0.974 0.998 0.681   -5.729   -6.023 CEPII 0.000 0.000 
ZTFJ191625.76-002042.6 400647 289.10737  -0.34519   2.0165774  0.294 5.137 58301.4222696 15.795 14.934     2.0165813     2.0165774   48   51  0.282  0.294 4.856 5.137  0.977  0.981 1.017 0.680   -5.320   -5.768 CEPII 0.000 0.000 
ZTFJ191639.32+301216.6 401495 289.16385  30.20462   1.5097471  0.136 4.219 58378.1859975 15.819 15.306     1.5095201     1.5097471   84   82  0.150  0.136 3.964 4.219  0.978  0.975 0.911 0.642  -11.740  -11.612 CEPII 0.000 0.000 
ZTFJ191658.12+040215.5 402722 289.24217   4.03765   7.5665185  0.404 4.406 58305.3443050 18.614 16.853     7.5627318     7.5665185  121  124  0.416  0.404 4.607 4.406  0.740  0.803 0.324 0.244  -12.788  -14.604 CEPII 0.000 0.000 
ZTFJ191724.15-090451.5 404438 289.35066  -9.08098   2.9051355  0.389 4.956 58292.4211584 13.474 12.829     2.9059136     2.9051355   34  390  0.441  0.389 4.796 4.956  0.986  0.943 1.218 0.911   -2.252   -4.314 CEPII 0.000 0.000 
ZTFJ191733.13+031858.8 405019 289.38807   3.31635   1.5101108  0.479 4.540 58288.4147624 18.607 17.480     1.5095492     1.5101108  121  116  0.439  0.479 4.144 4.540  0.890  0.933 1.088 0.782  -14.603  -12.516 CEPII 0.000 0.000 
ZTFJ191738.21+270255.7 405369 289.40922  27.04881  26.2112935  0.378 7.512 58428.9782971 18.547 17.201    26.2434056    26.2112935  157  156  0.343  0.378 7.839 7.512  0.863  0.907 0.549 0.448  -19.289  -18.609 CEPII 0.000 0.000 
ZTFJ191854.24+163140.2 409958 289.72602  16.52785   3.1038320  0.390 4.704 58654.3936347  0.000 19.874     0.0000000     3.1038320    0  169  0.000  0.390 0.000 4.704  0.000  0.613 0.000 0.422    0.000  -15.426 CEPII 0.000 0.000 
ZTFJ191916.61+055047.0 411205 289.81923   5.84641   7.2909216  0.165 6.493 58256.4044273 17.365 15.548     7.2846163     7.2909216  126  137  0.140  0.165 5.960 6.493  0.819  0.865 0.251 0.179  -17.931  -21.254 CEPII 0.000 0.000 
ZTFJ192019.88-071435.5 414082 290.08284  -7.24320  37.3438103  0.184 6.285 58276.2296470 16.658 15.427    37.3438103     0.9707694   34  390  0.184  0.117 6.285 5.776  0.918  0.927 0.366 0.187   -2.676   -1.005 CEPII 0.000 0.000 
ZTFJ192107.25+203208.0 416735 290.28023  20.53556   1.1613932  0.344 4.837 58432.0936531 19.723 17.664     1.1614547     1.1613932  146  180  0.380  0.344 4.801 4.837  0.875  0.975 0.858 0.586  -19.799  -28.992 CEPII 0.000 0.000 
ZTFJ192236.26+210316.0 421881 290.65112  21.05447  14.3138381  0.195 7.003 58352.3721089 21.066 18.567     0.4824568    14.3138381   58  180  0.073  0.195 3.785 7.003  0.685  0.974 0.842 0.899   -1.505  -31.390 CEPII 0.000 0.000 
ZTFJ192241.62+020941.6 422209 290.67345   2.16158  37.4304546  0.168 8.298 58348.4042645 16.410 14.594    37.4304546     0.4963929  124  133  0.168  0.063 8.298 3.673  0.529  0.382 0.664 0.618   -9.315   -7.903 CEPII 0.000 0.000 
ZTFJ192259.83+162713.6 423291 290.74932  16.45380  12.9519973  0.186 6.848 58645.5260170 18.981 16.030    12.9596417    12.9519973  158  183  0.177  0.186 6.314 6.848  0.920  0.980 0.974 0.705  -25.861  -31.379 CEPII 0.000 0.000 
ZTFJ192321.24+065956.3 424580 290.83852   6.99898  19.1658765  0.119 6.509 58343.1992224 17.330 15.561    19.2024666    19.1658765  122  124  0.078  0.119 6.554 6.509  0.796  0.871 0.287 0.273  -17.009  -18.680 CEPII 0.000 0.000 
ZTFJ192500.24+220538.1 430266 291.25103  22.09393   1.7460798  0.381 5.024 58649.3146628 16.551 15.325     1.7460301     1.7460798  156  173  0.364  0.381 4.766 5.024  0.991  0.992 1.034 0.680  -25.541  -28.007 CEPII 0.000 0.000 
ZTFJ192555.93+215931.0 433867 291.48307  21.99195  26.7070143  0.053 6.174 58375.0541381 17.130 14.526    26.3824457    26.7070143  156  173  0.126  0.053 4.840 6.174  0.446  0.678 0.175 0.153  -12.281  -21.793 CEPII 0.000 0.000 
ZTFJ192655.67+013213.3 437879 291.73197   1.53704   1.2469270  0.436 4.275 58198.5073117 15.650 14.977     1.2471340     1.2469270  177  193  0.450  0.436 3.948 4.275  0.975  0.975 0.944 0.667  -23.130  -23.372 CEPII 0.000 0.000 
ZTFJ192819.90-014507.2 442423 292.08295  -1.75202  26.6664928  0.233 4.230 58360.2568220 15.315 14.122    26.6058844    26.6664928   48   57  0.211  0.233 4.202 4.230  0.940  0.904 0.432 0.290   -5.520   -6.926 CEPII 0.000 0.000 
ZTFJ192837.17+221627.6 443355 292.15489  22.27436  21.4572322  0.245 5.414 58364.0063168 17.858 15.544    21.4572322    21.4990593  155  168  0.245  0.210 5.414 5.981  0.863  0.797 1.270 0.917  -23.244  -24.034 CEPII 0.000 0.000 
ZTFJ192934.45+122008.9 446694 292.39358  12.33581  12.2713276  0.184 6.252 58259.4199518 16.699 14.935    12.2713276    12.2692112  138  133  0.184  0.168 6.252 6.750  0.964  0.969 0.816 0.622  -22.890  -21.375 CEPII 0.000 0.000 
ZTFJ192953.98+251457.0 447943 292.47494  25.24917  30.6966343  0.360 5.220 58365.2605027 15.070 13.667    30.6966343    30.8187457  168  161  0.360  0.324 5.220 5.617  0.865  0.872 1.083 0.749  -23.012  -22.549 CEPII 0.000 0.000 
ZTFJ193100.71+104120.4 451986 292.75298  10.68901  14.5759692  0.174 6.753 58375.1212223 15.995 14.766    14.5759692    14.5780599  136  143  0.174  0.162 6.753 7.204  0.987  0.991 1.168 0.870  -23.370  -24.701 CEPII 0.000 0.000 
ZTFJ193155.09+141515.5 455322 292.97957  14.25432   7.2791734  0.153 6.106 58280.4011972 18.222 16.090     7.2773408     7.2791734  107  164  0.236  0.153 5.812 6.106  0.786  0.911 0.252 0.191  -13.640  -26.433 CEPII 0.000 0.000 
ZTFJ193156.89+080310.3 455436 292.98706   8.05287   1.1281791  0.169 4.375 58429.0865987 16.105 15.606     1.1281791     1.1281753  370  335  0.169  0.180 4.375 4.508  0.993  0.978 0.713 0.476  -29.570  -30.941 CEPII 0.000 0.000 
ZTFJ193313.04-100015.9 459547 293.30434 -10.00443   1.4643971  0.146 4.741 58321.3638763 16.113 15.522     1.4644731     1.4643971   39   45  0.139  0.146 4.701 4.741  0.986  0.989 0.673 0.453   -3.940   -5.128 CEPII 0.000 0.000 
ZTFJ193321.72+152516.9 460025 293.34053  15.42138   1.4951938  0.210 5.533 58222.4105735 18.900 16.854     1.4951291     1.4951938  554  690  0.219  0.210 4.959 5.533  0.917  0.952 0.813 0.495  -37.712  -45.887 CEPII 0.000 0.000 
ZTFJ193411.77+195820.1 463320 293.54907  19.97226   7.7951324  0.189 5.191 58355.2973418 16.203 13.657     7.7956687     7.7951324  152  179  0.193  0.189 5.230 5.191  0.938  0.979 0.422 0.287  -24.830  -32.739 CEPII 0.000 0.000 
ZTFJ193427.12-071321.7 464348 293.61303  -7.22272  21.2835291  0.174 6.372 58342.4078406 16.883 15.725    21.2835291    21.2147182   39   47  0.174  0.189 6.372 6.824  0.924  0.919 0.354 0.321   -3.470   -4.818 CEPII 0.000 0.000 
ZTFJ193549.90-111106.8 469489 293.95795 -11.18523  11.7757001  0.041 7.465 58655.5017121 16.030 14.796    11.7732630    11.7757001   40   46  0.062  0.041 6.696 7.465  0.888  0.935 0.385 0.333   -3.622   -5.478 CEPII 0.000 0.000 
ZTFJ193613.56+210557.1 471162 294.05650  21.09921  25.8702310  0.108 4.819 58317.4249569  0.000 19.490     0.0000000    25.8702310    0  165  0.000  0.108 0.000 4.819  0.000  0.804 0.000 0.583    0.000  -23.187 CEPII 0.000 0.000 
ZTFJ193616.08+115320.6 471330 294.06704  11.88906  32.4364834  0.295 5.345 58311.0272844 13.822 12.971    32.4364834    32.4868070  127   98  0.295  0.259 5.345 5.880  0.879  0.908 0.983 0.832  -17.849  -12.939 CEPII 0.000 0.000 
ZTFJ193705.62+242409.1 474260 294.27345  24.40254   2.7386052  0.513 3.969 58377.2844003 21.232 18.642     0.1329434     2.7386052   30  128  4.344  0.513 4.546 3.969  0.549  0.895 1.076 0.738    0.000  -14.594 CEPII 0.000 0.000 
ZTFJ193832.24+274251.6 480503 294.63436  27.71434  12.4099216  0.180 6.686 58365.2747749 16.744 15.234    12.4027078    12.4099216  171  156  0.207  0.180 6.803 6.686  0.950  0.962 0.695 0.624  -30.007  -27.812 CEPII 0.000 0.000 
ZTFJ193839.58+225759.2 481066 294.66495  22.96646   4.5636849  0.113 5.972 58216.5145364 21.334 19.392     0.1025061     4.5636849   50  184  0.193  0.113 5.848 5.972  0.170  0.807 0.517 0.496   -0.283  -27.758 CEPII 0.000 0.000 
ZTFJ193855.61+192411.8 482222 294.73172  19.40329  30.8264760  0.245 5.856 58226.5275396 18.548 15.955    30.8697750    30.8264760  149  169  0.267  0.245 5.548 5.856  0.915  0.933 1.663 1.472  -23.310  -27.955 CEPII 0.000 0.000 
ZTFJ193929.69+083627.9 484690 294.87375   8.60776  19.3636162  0.287 5.417 58323.4850214 12.953  0.000    19.3636162     0.0000000  130    0  0.287  0.000 5.417 0.000  0.832  0.000 1.613 0.000  -18.072    0.000 CEPII 0.000 0.000 
ZTFJ193931.15+240226.8 484786 294.87981  24.04078  11.7809849  0.259 4.837 58661.4409946  0.000 20.043     0.0000000    11.7809849    0  149  0.000  0.259 0.000 4.837  0.000  0.698 0.000 0.640    0.000  -16.500 CEPII 0.000 0.000 
ZTFJ194055.68+123709.9 490680 295.23202  12.61944   1.4805706  0.502 4.111 58307.3624725 14.262 13.781     1.4805052     1.4805706  190  202  0.502  0.541 4.111 4.305  0.973  0.959 1.386 1.054  -23.512  -23.122 CEPII 0.000 0.000 
ZTFJ194120.21+164717.6 492143 295.33424  16.78823  28.9855072  0.234 5.942 58376.1622254 15.871 14.237    28.9855072    28.9550551  151  152  0.292  0.234 5.375 5.942  0.754  0.846 1.916 1.471  -18.532  -22.872 CEPII 0.000 0.000 
ZTFJ194148.62+375933.7 493911 295.45259  37.99271   1.8872213  0.473 4.496 58366.2512942 14.340 13.952     1.8872239     1.8872213   86   85  0.438  0.473 4.285 4.496  0.966  0.975 1.393 0.957   -9.342   -8.973 CEPII 0.000 0.000 
ZTFJ194211.49+243645.8 495576 295.54789  24.61273  19.4192914  0.250 5.732 58330.4479758 21.173 17.980     0.1659860    19.4192914   40  194  0.461  0.250 7.675 5.732  0.366  0.937 0.754 0.899    0.000  -30.133 CEPII 0.000 0.000 
ZTFJ194348.98+273554.5 501883 295.95409  27.59848   2.6679305  0.244 4.987 58617.4886658 19.440 17.584     2.6683721     2.6679305  153  163  0.277  0.244 4.768 4.987  0.934  0.972 1.153 0.746  -23.903  -27.491 CEPII 0.000 0.000 
ZTFJ194416.51+242555.4 503219 296.06882  24.43208  36.1358214  0.104 5.841 58308.4145072 17.688 16.072    36.2594141    36.1358214  174  194  0.162  0.104 5.494 5.841  0.639  0.820 0.282 0.292  -20.018  -28.969 CEPII 0.000 0.000 
ZTFJ194440.19+254017.1 504129 296.16747  25.67142   8.0533968  0.364 5.260 58270.3541571  0.000 19.969     0.0000000     8.0533968    0  171  0.000  0.364 0.000 5.260  0.000  0.627 0.000 0.449    0.000  -16.425 CEPII 0.000 0.000 
ZTFJ194600.70+184931.2 509239 296.50293  18.82536  14.9923006  0.163 6.722 58648.4751686 17.031 15.631    14.9860443    14.9923006  139  143  0.198  0.163 6.254 6.722  0.992  0.994 1.389 1.009  -24.441  -25.803 CEPII 0.000 0.000 
ZTFJ194616.13+194000.6 510238 296.56724  19.66686   2.1809915  0.176 4.822 58280.4310902 15.894 14.613     2.1809915     2.1806625  159  142  0.176  0.144 4.822 5.057  0.984  0.983 0.969 0.626  -28.517  -24.876 CEPII 0.000 0.000 
ZTFJ194728.08+181816.5 514906 296.86701  18.30459   2.1032219  0.229 4.218 58433.0899084  0.000 19.658     0.0000000     2.1032219    0  117  0.000  0.229 0.000 4.218  0.000  0.655 0.000 0.448    0.000  -11.641 CEPII 0.000 0.000 
ZTFJ194826.49+213214.5 518378 297.11039  21.53738   1.9104867  0.239 4.865 58246.4441358 16.226 14.917     1.9106523     1.9104867  149  174  0.283  0.239 4.563 4.865  0.964  0.971 1.313 0.795  -22.089  -29.650 CEPII 0.000 0.000 
ZTFJ194924.02-115645.2 522041 297.35011 -11.94589   1.8541590  0.360 4.155 58640.4389077 15.587 15.152     1.8541590     1.8538377   40   46  0.360  0.327 4.155 4.446  0.973  0.975 1.136 0.805   -3.134   -3.796 CEPII 0.000 0.000 
ZTFJ195008.24+340957.5 524957 297.53436  34.16599  31.5127459  0.270 4.892 58346.3185738 13.859 12.774    31.5127459    31.4862040  170  154  0.270  0.291 4.892 5.268  0.869  0.841 1.031 0.773  -24.273  -19.936 CEPII 0.000 0.000 
ZTFJ195044.38+345237.9 527278 297.68494  34.87722  28.9909936  0.281 4.497 58345.1834687  0.000 18.350     0.0000000    28.9909936    0  106  0.000  0.281 0.000 4.497  0.000  0.823 0.000 0.335    0.000  -12.975 CEPII 0.000 0.000 
ZTFJ195141.90+150054.7 530800 297.92459  15.01521   3.1750418  0.204 3.695 58326.3252791 17.966 16.738     3.1750418     3.1747116   60   63  0.204  0.191 3.695 3.393  0.971  0.978 0.639 0.503   -7.769   -8.447 CEPII 0.000 0.000 
ZTFJ195317.10+221155.9 535401 298.32128  22.19887   1.2487735  0.233 4.192 58262.3805548 19.730 18.281     1.2487892     1.2487735  142  182  0.270  0.233 4.207 4.192  0.932  0.973 1.009 0.647  -21.764  -32.123 CEPII 0.000 0.000 
ZTFJ195416.58+073640.5 538704 298.56909   7.61126  68.5939638  0.091 6.845 58266.9779244 12.389  0.000    68.5939638     0.0000000   52    0  0.091  0.000 6.845 0.000  0.880  0.000 1.410 0.000   -5.950    0.000 CEPII 0.000 0.000 
ZTFJ195629.05+291411.1 545658 299.12106  29.23642  33.0106035  0.126 5.827 58341.3363106 17.872 15.934    32.9938002    33.0106035  157  163  0.110  0.126 6.305 5.827  0.664  0.774 0.233 0.204  -17.869  -21.258 CEPII 0.000 0.000 
ZTFJ195703.93+292458.9 547628 299.26640  29.41638   9.5302859  0.098 6.627 58341.2833930 19.493 17.252     9.5524034     9.5302859  135  161  0.157  0.098 6.813 6.627  0.697  0.821 0.509 0.411  -16.774  -23.876 CEPII 0.000 0.000 
ZTFJ195706.71+305553.3 547785 299.27797  30.93148  21.2975436  0.174 5.180 58271.4444621  0.000 19.622     0.0000000    21.2975436    0  126  0.000  0.174 0.000 5.180  0.000  0.728 0.000 1.232    0.000  -15.203 CEPII 0.000 0.000 
ZTFJ195942.11+283220.2 556270 299.92550  28.53895  31.0291028  0.207 5.313 58285.4142255 17.424 14.653    31.0036402    31.0291028  158  183  0.145  0.207 5.131 5.313  0.665  0.736 0.830 0.787  -17.704  -23.839 CEPII 0.000 0.000 
ZTFJ195954.37+384641.8 556921 299.97655  38.77830  15.7852804  0.182 6.361 58338.3995254 15.435 14.367    15.7852804    15.7852640  263  229  0.232  0.182 6.022 6.361  0.993  0.995 1.440 1.034  -42.746  -38.732 CEPII 0.000 0.000 
ZTFJ200032.19+090937.8 558811 300.13413   9.16050  10.8764238  0.206 6.680 58372.3145320 13.050  0.000    10.8764238     0.0000000   60    0  0.206  0.000 6.680 0.000  0.968  0.000 0.455 0.000   -8.174    0.000 CEPII 0.000 0.000 
ZTFJ200614.89+204410.3 573412 301.56206  20.73620   1.1400887  0.440 4.098 58296.4467898 17.670 17.120     1.1400887     1.1398889   51   55  0.440  0.555 4.098 4.423  0.964  0.879 1.151 0.868   -4.575   -3.989 CEPII 0.000 0.000 
ZTFJ200648.73+252235.9 574843 301.70305  25.37664  13.1980590  0.412 5.307 58641.5075247 17.113 15.298    13.1958053    13.1980590  164  186  0.419  0.412 4.912 5.307  0.987  0.993 1.457 1.056  -26.479  -30.357 CEPII 0.000 0.000 
ZTFJ201037.06+060645.4 583522 302.65444   6.11262   1.3528447  0.230 4.211 58657.3976898 15.797 15.415     1.3528447     1.3528716   52   76  0.230  0.237 4.211 4.495  0.994  0.993 0.915 0.635   -6.491   -9.087 CEPII 0.000 0.000 
ZTFJ201054.74+121712.2 584146 302.72811  12.28675   4.4072140  0.556 7.216 58282.4853707 19.593 18.586     4.4082398     4.4072140   46   66  0.525  0.556 6.830 7.216  0.927  0.947 0.788 0.533   -3.174   -7.210 CEPII 0.000 0.000 
ZTFJ201255.27+295954.3 588412 303.23031  29.99843   2.6003616  0.204 5.095 58352.2825474 18.555 16.612     2.5996751     2.6003616  173  180  0.248  0.204 4.837 5.095  0.937  0.973 0.701 0.468  -28.687  -31.296 CEPII 0.000 0.000 
ZTFJ201423.73+281323.3 591598 303.59889  28.22315   6.7540502  0.180 5.514 58648.4599108 20.440 18.442     6.7544890     6.7540502   89  175  0.271  0.180 5.086 5.514  0.646  0.908 0.708 0.640   -6.495  -29.142 CEPII 0.000 0.000 
ZTFJ201452.05-100725.9 592530 303.71690 -10.12387   4.5759669  0.087 4.919 58375.1182845 15.989 15.113     4.5755788     4.5759669   37   37  0.133  0.087 5.234 4.919  0.955  0.962 0.239 0.185   -3.482   -3.727 CEPII 0.000 0.000 
ZTFJ201458.52-080506.2 592733 303.74385  -8.08507   1.6188544  0.371 3.966 58286.3440279 16.892 16.645     1.6188585     1.6188544   41   42  0.330  0.371 3.888 3.966  0.978  0.980 1.282 0.867   -3.832   -3.898 CEPII 0.000 0.000 
ZTFJ201618.21+371828.4 595064 304.07590  37.30790   5.2495779  0.160 4.338 58387.1461460 21.494 19.420     5.2476306     5.2495779   46  173  0.142  0.160 9.245 4.338  0.528  0.871 0.542 0.569   -1.333  -26.453 CEPII 0.000 0.000 
ZTFJ201739.61+624507.4 597463 304.41505  62.75208  13.9448517  0.543 5.025 58472.1367460 14.700 14.099    13.9350650    13.9448517  120  146  0.547  0.543 4.537 5.025  0.983  0.986 1.144 0.744  -15.096  -19.059 CEPII 0.000 0.000 
ZTFJ201908.47+204249.2 600414 304.78532  20.71368   1.7182454  0.319 4.650 58607.4665379 13.896 13.501     1.7188058     1.7182454   56   65  0.341  0.319 4.368 4.650  0.978  0.962 1.183 0.818   -5.278   -7.704 CEPII 0.000 0.000 
ZTFJ202048.56+294636.3 603139 305.20234  29.77677   2.6955080  0.307 4.255 58355.2615939 18.210 16.615     2.6958994     2.6955080  415  498  0.307  0.307 4.076 4.255  0.900  0.934 0.532 0.353  -34.429  -37.365 CEPII 0.000 0.000 
ZTFJ202136.47+465824.8 604275 305.40197  46.97357  15.0457144  0.035 5.789 58338.2439871 19.551 17.473    15.0510398    15.0457144   75   77  0.058  0.035 5.360 5.789  0.874  0.952 0.594 0.464   -9.483  -11.284 CEPII 0.000 0.000 
ZTFJ202315.65+055343.0 606822 305.81524   5.89529   7.4523956  0.159 6.817 58259.4752228 13.633 13.052     7.4502509     7.4523956   45   62  0.130  0.159 5.808 6.817  0.965  0.937 0.207 0.142   -5.305   -8.421 CEPII 0.000 0.000 
ZTFJ202448.20+060203.8 608788 306.20084   6.03441   1.0394110  0.471 4.190 58607.4820371 16.254 15.861     1.0394112     1.0394110   45   62  0.407  0.471 3.873 4.190  0.928  0.968 1.089 0.833   -2.813   -6.444 CEPII 0.000 0.000 
ZTFJ202753.36+414948.4 612968 306.97236  41.83013  11.4975809  0.230 6.325 58252.5039777 21.055 17.926     0.0329983    11.4975809   57  187  0.129  0.230 4.149 6.325  0.469  0.987 0.733 1.004   -1.328  -33.186 CEPII 0.000 0.000 
ZTFJ202837.78+253028.4 614028 307.15742  25.50789  10.9188167  0.246 7.676 58370.2274137 17.898 16.576    10.9144192    10.9188167   70   69  0.166  0.246 6.775 7.676  0.573  0.643 0.211 0.170   -4.912   -5.293 CEPII 0.000 0.000 
ZTFJ203027.17+485345.0 616609 307.61321  48.89584   9.4453300  0.154 6.117 58289.4171999 16.032 14.486     9.4545705     9.4501498  247  246  0.156  0.154 5.783 6.117  0.976  0.984 0.689 0.498  -43.241  -42.982 CEPII 0.000 0.000 
ZTFJ203247.60-130305.1 619850 308.19834 -13.05143   1.0464159  0.366 3.909 58315.3631300 16.074 15.787    21.1934031     1.0464159   34   39  0.342  0.366 3.732 3.909  0.983  0.989 0.614 0.429   -2.004   -2.981 CEPII 0.000 0.000 
ZTFJ203344.24+161617.5 620840 308.43435  16.27155   3.9563194  0.271 5.055 58435.1726383 12.623  0.000     3.9563194     0.0000000   63    0  0.271  0.000 5.055 0.000  0.974  0.000 0.836 0.000   -8.245    0.000 CEPII 0.000 0.000 
ZTFJ203507.43+225330.0 622692 308.78098  22.89167   1.3446386  0.261 4.096 58642.4286438 17.871 17.554     1.3446386     1.3446834   71   70  0.261  0.260 4.096 4.284  0.988  0.986 1.054 0.693  -10.179   -9.267 CEPII 0.000 0.000 
ZTFJ204212.02+190923.3 631401 310.55012  19.15648  92.6421232  0.143 4.649 58655.3505049 15.835 14.107    92.5721819    92.6421232   54   52  0.111  0.143 4.637 4.649  0.825  0.881 0.731 0.766   -3.802   -4.267 CEPII 0.000 0.000 
ZTFJ204330.01+614522.5 632975 310.87507  61.75627   2.0996058  0.164 4.402 58597.4401382 15.063 14.295     2.0996058     2.0996615   66   69  0.164  0.158 4.402 4.524  0.993  0.991 0.589 0.389  -10.167  -10.412 CEPII 0.000 0.000 
ZTFJ204637.58-005849.9 636811 311.65659  -0.98053  20.4172995  0.247 8.338 58304.3570994 15.398 14.941    20.4172995    20.4128385   43   45  0.247  0.257 8.338 8.148  0.987  0.977 0.418 0.321   -4.901   -5.261 CEPII 0.000 0.000 
ZTFJ204735.83+314402.5 638011 311.89931  31.73404  13.2951982  0.147 7.235 58388.0818639 15.565 14.662    13.2872869    13.2951982   69   68  0.163  0.147 6.680 7.235  0.991  0.990 1.026 0.758  -10.051  -10.064 CEPII 0.000 0.000 
ZTFJ205156.33+493038.9 643225 312.98474  49.51082  10.8051467  0.468 3.986 58325.4417341 18.239 16.064    10.8051467    10.8046630  175  176  0.468  0.456 3.986 4.400  0.948  0.953 0.954 0.677  -24.943  -24.484 CEPII 0.000 0.000 
ZTFJ205404.85+083305.6 645894 313.52024   8.55156   2.0468284  0.473 4.443 58322.4293382 12.519  0.000     2.0455499     0.0000000   79    0  0.473  0.000 4.443 0.000  0.973  0.000 1.018 0.000   -7.844    0.000 CEPII 0.000 0.000 
ZTFJ205550.31+323534.5 647821 313.95965  32.59294   1.1191192  0.273 4.700 58382.2409776 18.857 18.189     1.1191192     1.1189336   55   57  0.273  0.388 4.700 4.349  0.942  0.945 0.877 0.445   -6.941   -6.419 CEPII 0.000 0.000 
ZTFJ205616.99+413314.3 648329 314.07080  41.55398  12.3555830  0.171 7.399 58290.3774845 18.244 15.792    12.3417760    12.3555830  135  142  0.190  0.171 6.990 7.399  0.923  0.971 0.804 0.583  -21.932  -24.623 CEPII 0.000 0.000 
ZTFJ205629.13+175250.8 648598 314.12138  17.88079   1.6407529  0.232 5.143 58349.3644273 14.661 14.220     1.6410687     1.6407529  143  143  0.224  0.232 4.755 5.143  0.952  0.946 0.926 0.628  -16.015  -15.251 CEPII 0.000 0.000 
ZTFJ210332.32+551237.4 656510 315.88467  55.21041   1.0858508  0.375 4.739 58435.1547281 18.086 16.856     1.0858508     1.0859337  171  178  0.272  0.375 5.054 4.739  0.920  0.937 0.443 0.288  -27.825  -27.748 CEPII 0.000 0.000 
ZTFJ210537.76+200453.7 658988 316.40734  20.08160   1.7083018  0.481 4.486 58263.4127686 13.307 12.979     1.7084247     1.7083018   76   76  0.506  0.481 4.391 4.486  0.962  0.954 1.237 0.891   -6.877   -7.152 CEPII 0.000 0.000 
ZTFJ210736.62+463712.1 661271 316.90261  46.62005  21.1616205  0.263 5.367 58304.4248521 14.299 13.114    21.1463616    21.1616205  338  312  0.272  0.263 5.439 5.367  0.937  0.938 0.570 0.504  -49.213  -46.093 CEPII 0.000 0.000 
ZTFJ211037.59+323133.6 664715 317.65663  32.52601   9.4864344  0.389 4.309 58660.5671464 13.445 12.843     9.4864344     9.4912260  131  140  0.389  0.374 4.309 5.019  0.973  0.969 0.764 0.529  -17.540  -16.948 CEPII 0.000 0.000 
ZTFJ211352.97+512021.9 668020 318.47072  51.33943   7.4013917  0.098 7.841 58217.5056459  0.000 19.836     0.0000000     7.4013917    7  610  0.000  0.098 0.000 7.841  0.000  0.651 0.000 0.574    0.000  -32.236 CEPII 0.000 0.000 
ZTFJ211406.01+001912.1 668240 318.52508   0.32005  15.2793443  0.122 7.024 58640.5267319 12.601  0.000    15.2793443     0.0000000   46    0  0.122  0.000 7.024 0.000  0.993  0.000 1.051 0.000   -5.851    0.000 CEPII 0.000 0.000 
ZTFJ211413.05+435147.5 668368 318.55438  43.86320   2.4351718  0.057 3.861 58266.4111805 15.554 14.447     2.4353416     2.4351718   58   59  0.037  0.057 3.960 3.861  0.989  0.988 0.455 0.307   -8.053   -8.097 CEPII 0.000 0.000 
ZTFJ211710.20+381858.1 671244 319.29252  38.31615  30.7978908  0.117 6.637 58360.3707778 15.560 14.322    30.7978908    30.8402592   61   64  0.117  0.196 6.637 6.883  0.813  0.748 0.567 0.435   -6.802   -5.781 CEPII 0.000 0.000 
ZTFJ212053.83+484722.9 674720 320.22430  48.78971   4.9964000  0.307 4.788 58646.5415658 21.151 18.511     0.1159609     4.9964000   61  173  1.370  0.307 4.127 4.788  0.490  0.884 0.752 0.374   -0.806  -27.094 CEPII 0.000 0.000 
ZTFJ212132.09+133330.0 675359 320.38374  13.55836   1.7670047  0.493 4.324 58304.3828778 15.273 14.987     1.7670972     1.7670047   53   51  0.493  0.494 4.324 4.477  0.991  0.989 1.169 0.794   -3.925   -3.995 CEPII 0.000 0.000 
ZTFJ212343.50-204016.5 677577 320.93128 -20.67125   1.4634699  0.325 4.473 58362.3208479 17.540 17.249     1.4639590     1.4634699   54   60  0.358  0.325 4.069 4.473  0.957  0.971 0.522 0.388   -4.785   -6.901 CEPII 0.000 0.000 
ZTFJ212348.45+452922.8 677666 320.95189  45.48969  31.5670102  0.250 5.039 58362.2848474 15.470 14.461    31.5670102    31.4013399  167  177  0.250  0.128 5.039 6.001  0.637  0.539 0.448 0.362  -17.838  -16.144 CEPII 0.000 0.000 
ZTFJ212531.52-083250.6 679163 321.38134  -8.54741   6.5229852  0.295 4.212 58641.5586722 17.263 16.301     6.5242111     6.5229852   38   41  0.185  0.295 4.825 4.212  0.914  0.971 0.300 0.261   -3.479   -4.313 CEPII 0.000 0.000 
ZTFJ212548.33+395437.8 679468 321.45139  39.91052   2.3429291  0.201 5.295 58601.5132144 16.940 16.210     2.3429291     2.3429969   59   66  0.242  0.201 4.962 5.295  0.964  0.975 0.797 0.506   -7.639   -8.782 CEPII 0.000 0.000 
ZTFJ212950.17+121026.5 683388 322.45907  12.17404   1.4378695  0.270 3.940 58262.4978779 15.189 14.899     1.4378695     1.4379063   74   74  0.270  0.283 3.940 4.099  0.997  0.995 1.151 0.815   -9.692   -9.928 CEPII 0.000 0.000 
ZTFJ213441.66+420034.4 688465 323.67359  42.00957  21.7728320  0.338 5.518 58351.3813609 16.141 15.268    21.7809613    21.7728320   59   65  0.363  0.338 5.024 5.518  0.941  0.920 1.021 0.712   -6.290   -7.389 CEPII 0.000 0.000 
ZTFJ214504.11+024621.4 698875 326.26713   2.77262   1.4471255  0.467 4.204 58389.2196522 14.908 14.636     1.4467184     1.4471255   52   46  0.466  0.467 4.090 4.204  0.858  0.915 1.455 1.036   -3.935   -3.112 CEPII 0.000 0.000 
ZTFJ214701.38-080338.4 700567 326.75575  -8.06067   2.1883453  0.227 5.213 58285.3971097 18.683 18.327     2.1897566     2.1883453   35   37  0.324  0.227 4.609 5.213  0.838  0.946 0.529 0.417   -2.618   -3.528 CEPII 0.000 0.000 
ZTFJ214839.38+492350.5 702061 327.16410  49.39737   1.5013368  0.135 4.302 58291.4704024 15.583 14.755     1.5013368     1.5013044  329  345  0.135  0.111 4.302 4.437  0.979  0.968 0.400 0.266  -51.552  -51.737 CEPII 0.000 0.000 
ZTFJ215217.04+031432.1 705141 328.07100   3.24227   1.1378362  0.484 4.257 58296.4998518 15.554 15.328     1.1377932     1.1378362   50   53  0.422  0.484 3.979 4.257  0.957  0.962 1.196 0.980   -3.951   -3.384 CEPII 0.000 0.000 
ZTFJ215545.41+545655.9 708443 328.93922  54.94888   2.4381168  0.102 4.638 58437.2574323 21.732 18.920     0.0571504     2.4381168   11  168  0.807  0.102 3.269 4.638  0.834  0.816 0.647 0.354    0.000  -25.304 CEPII 0.000 0.000 
ZTFJ220009.14+091010.6 712477 330.03810   9.16962   1.1100479  0.353 4.024 58655.4563107 18.290 17.922     1.1100479     1.1099261   67   66  0.353  0.403 4.024 4.146  0.957  0.961 1.018 0.811   -7.353   -5.489 CEPII 0.000 0.000 
ZTFJ220439.83-071133.7 716574 331.16597  -7.19272 123.6538948  0.104 6.404 58476.2236203 13.113  0.000   123.6538948     0.0000000   39    0  0.104  0.000 6.404 0.000  0.991  0.000 1.673 0.000   -4.064    0.000 CEPII 0.000 0.000 
ZTFJ220918.55+512419.4 720486 332.32733  51.40541   2.6315206  0.453 4.037 58383.2441822 15.585 14.824     2.6315206     2.6314115  630  674  0.453  0.459 4.037 4.270  0.991  0.986 0.814 0.548  -35.583  -35.427 CEPII 0.000 0.000 
ZTFJ221915.34+274956.0 729592 334.81392  27.83223   1.6405528  0.468 4.477 58370.2926259 16.554 16.283     1.6399655     1.6405528  140  141  0.468  0.468 4.237 4.477  0.943  0.963 1.229 0.851  -13.274  -13.931 CEPII 0.000 0.000 
ZTFJ222649.07+504856.5 735262 336.70446  50.81570   4.7040231  0.226 5.326 58643.4462710 15.366 14.753     4.7041250     4.7040231  215  237  0.238  0.226 5.065 5.326  0.995  0.993 1.055 0.716  -35.197  -40.406 CEPII 0.000 0.000 
ZTFJ223042.30+582651.6 738131 337.67626  58.44768  13.9652520  0.267 6.284 58490.2878898 18.802 16.424    13.9716187    13.9652520  636  700  0.293  0.267 5.849 6.284  0.960  0.991 1.461 1.058  -38.043  -43.631 CEPII 0.000 0.000 
ZTFJ223125.11-042605.1 738641 337.85466  -4.43477   1.3732613  0.217 4.181 58423.1443669 17.457 17.146     1.3732613     1.3734376   39   42  0.217  0.191 4.181 4.262  0.993  0.986 1.009 0.705   -4.091   -4.133 CEPII 0.000 0.000 
ZTFJ223149.36+471337.1 738897 337.95570  47.22700   1.1461368  0.518 4.255 58428.1864341 19.182 18.842     1.1460115     1.1461368   62   63  0.472  0.518 4.106 4.255  0.956  0.956 1.517 1.087   -5.996   -5.810 CEPII 0.000 0.000 
ZTFJ223540.92+580004.0 741173 338.92053  58.00112   1.6888825  0.085 3.995 58266.3920369 16.260 15.176     1.6889549     1.6888825  292  331  0.040  0.085 4.154 3.995  0.970  0.975 0.679 0.449  -41.345  -47.260 CEPII 0.000 0.000 
ZTFJ225345.30-024856.1 751927 343.43879  -2.81559   2.2528916  0.401 4.871 58653.4364656 14.190 13.873     2.2529969     2.2528916   43   43  0.388  0.401 4.545 4.871  0.970  0.989 0.791 0.562   -4.118   -4.292 CEPII 0.000 0.000 
ZTFJ225437.69+541555.6 752458 343.65706  54.26546  11.3103228  0.190 5.929 58330.5185355 14.435 13.316    11.3037801    11.3103228  162  170  0.284  0.190 5.697 5.929  0.825  0.832 1.072 0.805  -22.473  -25.179 CEPII 0.000 0.000 
ZTFJ225944.03+675721.1 755296 344.93348  67.95588   8.4474997  0.109 5.931 58385.3892000 14.903 13.452     8.4474997     8.4458090   63   66  0.109  0.194 5.931 6.320  0.953  0.977 0.323 0.220   -8.931   -9.218 CEPII 0.000 0.000 
ZTFJ230656.26+610132.0 759104 346.73443  61.02556  14.5619857  0.122 9.001 58326.3984104 14.295 12.872    14.5619857    14.5956386  159  154  0.122  0.082 9.001 8.523  0.841  0.786 0.172 0.131  -21.212  -17.034 CEPII 0.000 0.000 
ZTFJ231002.21+240228.7 760717 347.50924  24.04133   1.4953990  0.401 4.127 58510.1657795 14.136 13.820     1.4953990     1.4955110   67   67  0.401  0.391 4.127 4.448  0.994  0.985 0.637 0.458   -6.845   -6.548 CEPII 0.000 0.000 
ZTFJ231526.53-012228.6 763225 348.86058  -1.37463   1.5020730  0.692 4.866 58390.3592092 17.819 17.580     2.9679488     2.9695642   42   43  1.096  0.692 5.691 4.866  0.975  0.982 1.542 1.148   -2.355   -1.897 CEPII 0.000 0.000 
ZTFJ232536.14+611921.2 767561 351.40059  61.32256   1.8977532  0.313 5.016 58328.4118868 17.692 16.295     1.8976942     1.8977532   46   54  0.279  0.313 4.669 5.016  0.949  0.953 1.118 0.749   -4.640   -6.085 CEPII 0.000 0.000 
ZTFJ232718.94-123850.7 768329 351.82895 -12.64744   1.1075555  0.049 8.998 58434.1386405 13.958 13.843     1.1075555    10.1005983   39   32  0.049  0.065 8.998 9.416  0.982  0.990 0.642 0.424   -4.521   -2.750 CEPII 0.000 0.000 
ZTFJ233954.14-090501.8 773027 354.97561  -9.08384   1.0707954  0.453 3.948 58366.3295098 15.419 15.199     1.0707954     0.9350870   32   33  0.453  0.478 3.948 4.259  0.984  0.950 0.844 0.602   -1.488   -1.679 CEPII 0.000 0.000 
ZTFJ234330.95+591753.2 774487 355.87899  59.29813  13.2255731  0.175 4.179 58280.3235747 18.244 16.213    13.2535097    13.2255731  152  162  0.100  0.175 3.872 4.179  0.752  0.920 0.302 0.255  -21.193  -27.505 CEPII 0.000 0.000 
ZTFJ235014.24+512358.7 777127 357.55935  51.39966  14.7123664  0.338 5.410 58290.4265728 12.561  0.000    14.7123664     0.0000000  152    0  0.338  0.000 5.410 0.000  0.979  0.000 1.712 0.000  -24.745    0.000 CEPII 0.000 0.000 
